1305031453.523684 0.0000000 0.0000000 0.0000000 -0.0000000 -0.0000000 -0.0000000 1.0000000
1305031453.627706 0.0260775 0.0112281 -0.0488017 0.0190132 -0.0053297 0.0144623 0.9997004
1305031453.659600 0.0314910 0.0143900 -0.0671359 0.0249886 -0.0128390 0.0128251 0.9995230
1305031453.727652 0.0457550 0.0224918 -0.1032123 0.0324969 -0.0325751 0.0036753 0.9989341
1305031453.827773 0.0637495 0.0360096 -0.1461217 0.0417082 -0.0717678 -0.0176732 0.9963923
1305031453.959641 0.0954336 0.0452863 -0.1944309 0.0316936 -0.1582162 -0.0448840 0.9858745
1305031454.027662 0.1008556 0.0480972 -0.2045271 0.0323509 -0.1916531 -0.0624824 0.9789374
1305031454.091651 0.1242710 0.0516627 -0.2128983 0.0351800 -0.2304185 -0.0878817 0.9684764
1305031454.159672 0.1628426 0.0524825 -0.2218524 0.0404692 -0.2803513 -0.1119149 0.9524918
1305031454.227671 0.1786623 0.0496699 -0.2101521 0.0434968 -0.3289772 -0.1387571 0.9330748
1305031454.291639 0.2081118 0.0389175 -0.2081140 0.0462411 -0.3656461 -0.1651450 0.9148179
1305031454.359636 0.2185576 0.0407886 -0.2021209 0.0596935 -0.3972286 -0.1875081 0.8963743
1305031454.459913 0.2364731 0.0293563 -0.1908822 0.0664084 -0.4425191 -0.2274663 0.8648850
1305031454.527700 0.2502051 0.0258494 -0.1861511 0.0709225 -0.4623339 -0.2556461 0.8460866
1305031454.591635 0.2639431 0.0165889 -0.1799377 0.0668618 -0.4874005 -0.2861994 0.8222288
1305031454.659528 0.2693791 0.0202085 -0.1818403 0.0631960 -0.5106165 -0.3060932 0.8009894
1305031454.691884 0.2694776 0.0188608 -0.1799309 0.0532810 -0.5257827 -0.3114221 0.7897658
1305031454.759732 0.2838906 0.0145154 -0.1806475 0.0365184 -0.5443246 -0.3111269 0.7781884
1305031454.827570 0.2955135 0.0124642 -0.1781106 0.0159692 -0.5501687 -0.2969580 0.7803046
1305031454.859620 0.2976721 0.0129298 -0.1771028 0.0056827 -0.5471306 -0.2921509 0.7843875
1305031454.927567 0.3040031 0.0220949 -0.1761946 -0.0049163 -0.5383514 -0.2804693 0.7946638
1305031455.127695 0.3051193 0.0551209 -0.1963202 -0.0106910 -0.5180053 -0.2641601 0.8134960
1305031455.291831 0.2914776 0.0805805 -0.2248427 -0.0321163 -0.4933736 -0.2405614 0.8352731
1305031455.359630 0.2872183 0.0923281 -0.2374043 -0.0478247 -0.4863001 -0.2279203 0.8421861
1305031455.459589 0.2702836 0.0956148 -0.2570762 -0.0774703 -0.4646167 -0.2116132 0.8563583
1305031455.859526 0.2064279 0.0831840 -0.3762816 -0.0968578 -0.4184542 -0.1638751 0.8880651
1305031456.091707 0.1769529 0.0677310 -0.4290224 -0.1089273 -0.3837720 -0.1956344 0.8958690
1305031456.159731 0.1659762 0.0568490 -0.4361284 -0.1131684 -0.3741954 -0.2001114 0.8984020
1305031456.291675 0.1419552 0.0471834 -0.4508192 -0.1051881 -0.3333474 -0.1909807 0.9172466
1305031456.359846 0.1346921 0.0486661 -0.4537834 -0.0968703 -0.3142685 -0.1780538 0.9274418
1305031456.691612 0.0384484 0.0732351 -0.4553413 -0.1335718 -0.2476520 -0.1313905 0.9505596
1305031456.759615 0.0148292 0.0781582 -0.4551917 -0.1492051 -0.2423413 -0.1182938 0.9513229
1305031457.127632 -0.0612286 0.1091581 -0.4531329 -0.1848980 -0.2018569 -0.0704153 0.9592227
1305031457.191735 -0.0720512 0.1120861 -0.4647734 -0.1825083 -0.1852153 -0.0580866 0.9638527
1305031457.259691 -0.0870169 0.1008901 -0.4726535 -0.1917381 -0.1682698 -0.0505512 0.9655912
1305031457.459614 -0.1269167 0.0942536 -0.5232939 -0.1732548 -0.1076993 -0.0155489 0.9788472
1305031457.559685 -0.1420207 0.0803071 -0.5457447 -0.1682351 -0.0972988 -0.0047086 0.9809219
1305031457.759556 -0.1861487 0.0540961 -0.5825535 -0.1699231 -0.0781650 0.0037006 0.9823455
1305031457.859623 -0.2035872 0.0391923 -0.5984865 -0.1505860 -0.0587479 0.0051501 0.9868364
1305031457.959632 -0.2367951 0.0267716 -0.6106618 -0.1258402 -0.0401420 0.0148620 0.9911267
1305031458.059689 -0.2586118 0.0190732 -0.6153641 -0.1041915 -0.0311547 0.0233729 0.9937944
1305031458.159638 -0.2938371 0.0144828 -0.6093845 -0.1046051 -0.0152636 0.0255131 0.9940693
1305031458.259934 -0.3346898 0.0042446 -0.5940765 -0.1185619 -0.0124852 0.0254574 0.9925418
1305031458.359590 -0.3708787 -0.0056228 -0.5784624 -0.1061660 -0.0230555 0.0321004 0.9935627
1305031458.459637 -0.3833708 0.0008251 -0.5576189 -0.0757258 -0.0241860 0.0584910 0.9951178
1305031458.559628 -0.4066194 0.0219586 -0.5359395 -0.0210421 0.0046696 0.0594024 0.9980014
1305031458.659623 -0.4442511 0.0497179 -0.5138372 -0.0056489 0.0147878 0.0459299 0.9988192
1305031458.791632 -0.4551546 0.0676336 -0.4773836 -0.0053307 -0.0523952 0.0156159 0.9984901
1305031458.891665 -0.4533224 0.0641865 -0.4573145 -0.0070196 -0.0699180 0.0070049 0.9975035
1305031458.991647 -0.4768475 0.0552686 -0.4420877 -0.0196275 -0.0460008 0.0255728 0.9984211
1305031459.091650 -0.5295434 0.0364996 -0.4531468 -0.0018508 -0.0560932 0.0493181 0.9972050
1305031459.191674 -0.5625207 0.0391023 -0.4458371 0.0191686 -0.1188939 0.0703175 0.9902284
1305031459.291690 -0.5707940 0.0567460 -0.4247932 0.0185753 -0.1249887 0.1017181 0.9867554
1305031459.359651 -0.5776315 0.0627495 -0.4160824 0.0174972 -0.0808033 0.1381083 0.9869604
1305031459.427646 -0.5587574 0.0586389 -0.4274369 -0.0215071 -0.0311280 0.2147041 0.9759461
1305031459.491555 -0.5828405 0.0589770 -0.3977963 -0.0444006 0.0468615 0.2692814 0.9608955
1305031459.591695 -0.5804464 0.0497162 -0.4029904 -0.0936599 0.0844272 0.3407115 0.9316735
1305031459.659641 -0.5872802 0.0503414 -0.3975375 -0.1010262 0.0890431 0.3505523 0.9268107
1305031462.759782 -0.8313510 -0.0029327 -0.2947408 -0.2587077 0.2573887 0.3535764 0.8612811
1305031462.827816 -0.8336049 0.0076131 -0.3114807 -0.2576093 0.2411590 0.3410285 0.8713090
1305031462.859782 -0.8314573 0.0139657 -0.3208190 -0.2592291 0.2325209 0.3365685 0.8749034
1305031462.927607 -0.8274534 0.0235912 -0.3380316 -0.2576477 0.2282646 0.3314015 0.8784566
1305031462.995550 -0.8205745 0.0304025 -0.3532107 -0.2515691 0.2185060 0.3272571 0.8842347
1305031463.059810 -0.8172973 0.0368406 -0.3713180 -0.2389351 0.2071639 0.3137600 0.8952920
1305031463.095809 -0.8129895 0.0412477 -0.3793078 -0.2370777 0.1996284 0.3061233 0.9001284
1305031463.127550 -0.8083180 0.0432547 -0.3872945 -0.2331927 0.1950611 0.2980563 0.9048396
1305031463.159787 -0.8062941 0.0458688 -0.3964417 -0.2277004 0.1919062 0.2888748 0.9098768
1305031463.227784 -0.7956567 0.0528837 -0.4104328 -0.2271657 0.1835173 0.2786876 0.9149046
1305031463.260034 -0.7904242 0.0556276 -0.4171778 -0.2208855 0.1821885 0.2750536 0.9178031
1305031463.295737 -0.7870061 0.0599934 -0.4255948 -0.2170096 0.1797466 0.2692668 0.9209198
1305031463.327739 -0.7799708 0.0612583 -0.4297301 -0.2187212 0.1743758 0.2681787 0.9218646
1305031463.359750 -0.7741168 0.0627246 -0.4349018 -0.2132757 0.1697009 0.2671764 0.9243007
1305031463.427716 -0.7601721 0.0734698 -0.4471118 -0.2067467 0.1578506 0.2606959 0.9297186
1305031463.527670 -0.7321511 0.0846469 -0.4634729 -0.2046624 0.1560751 0.2566375 0.9316067
1305031463.659766 -0.6979196 0.0879320 -0.4867397 -0.1941087 0.1527531 0.2548962 0.9348884
1305031463.727588 -0.6776157 0.0885332 -0.5007317 -0.1913244 0.1480878 0.2499156 0.9375539
1305031463.795647 -0.6565981 0.0845859 -0.5145517 -0.1804640 0.1498460 0.2347722 0.9433244
1305031463.859910 -0.6337847 0.0743224 -0.5280087 -0.1803848 0.1471833 0.2144220 0.9485893
1305031463.927664 -0.6179234 0.0675777 -0.5426533 -0.1742254 0.1457166 0.2003645 0.9530300
1305031464.059652 -0.5834301 0.0446487 -0.5710977 -0.1666156 0.1295755 0.1715683 0.9622961
1305031464.127681 -0.5735861 0.0330301 -0.5853121 -0.1591078 0.1293860 0.1580698 0.9658974
1305031464.195585 -0.5641479 0.0170995 -0.5959523 -0.1461194 0.1173554 0.1548336 0.9700018
1305031464.259644 -0.5613275 0.0146047 -0.6107928 -0.1273375 0.0933290 0.1517159 0.9757342
1305031464.359684 -0.5290391 0.0024527 -0.6265682 -0.1203862 0.0441253 0.1430999 0.9813677
1305031464.459689 -0.4989863 -0.0075543 -0.6460996 -0.1105081 0.0280286 0.1193296 0.9862874
1305031464.527574 -0.4784119 -0.0119775 -0.6619543 -0.1049046 0.0213362 0.1063442 0.9885498
1305031464.627672 -0.4335476 -0.0431777 -0.6835852 -0.0994979 0.0222081 0.0757841 0.9918991
1305031464.727652 -0.4216050 -0.0559483 -0.6953674 -0.0531880 0.0476880 0.0290108 0.9970232
1305031464.796021 -0.4198978 -0.0618134 -0.7005033 -0.0310329 0.0400282 -0.0057737 0.9986999
1305031464.859654 -0.4174729 -0.0599474 -0.7036111 -0.0101514 0.0086837 -0.0320585 0.9993967
1305031464.959763 -0.3818778 -0.0761829 -0.6853349 -0.0089112 -0.0398023 -0.0863242 0.9954318
1305031465.059749 -0.3668910 -0.0638589 -0.6610557 0.0169513 -0.0546436 -0.1397408 0.9885339
1305031465.127664 -0.3475397 -0.0225682 -0.6514453 0.0097626 -0.0832841 -0.1715529 0.9815997
1305031465.227907 -0.3202314 -0.0133585 -0.6160481 -0.0298788 -0.1201278 -0.1905860 0.9738345
1305031465.327674 -0.2980906 -0.0045595 -0.5879098 -0.0612661 -0.1513296 -0.1698016 0.9718607
1305031465.427697 -0.2590269 0.0027844 -0.5645670 -0.0719174 -0.2026995 -0.1307570 0.9678034
1305031465.827996 -0.0759390 0.0899308 -0.5243273 -0.0354562 -0.2978839 -0.0083902 0.9539065
1305031466.195833 0.0549481 0.2120497 -0.5202869 -0.0061878 -0.2984935 0.0047458 0.9543798
1305031466.359829 0.1244886 0.2282014 -0.5270246 -0.0142307 -0.2984942 -0.0346509 0.9536760
1305031466.527538 0.1825300 0.2369998 -0.5315889 -0.0132593 -0.3079103 -0.0471438 0.9501541
1305031466.695822 0.2408650 0.2515953 -0.5206914 -0.0152762 -0.3036244 -0.0694048 0.9501379
1305031466.827879 0.2851305 0.2588862 -0.5063476 -0.0079712 -0.3158309 -0.0944570 0.9440684
1305031466.959728 0.3215501 0.2559406 -0.4949765 -0.0077550 -0.3574648 -0.0958946 0.9289580
1305031467.128974 0.3681940 0.2545637 -0.4801692 -0.0015902 -0.3758686 -0.1202951 0.9188304
1305031467.259694 0.3996998 0.2550825 -0.4698974 0.0099110 -0.3967105 -0.1386422 0.9073593
1305031467.395756 0.4340006 0.2581448 -0.4617538 0.0107002 -0.4211163 -0.1549884 0.8936024
1305031467.527663 0.4699906 0.2571102 -0.4520621 0.0052649 -0.4435113 -0.1730713 0.8793841
1305031467.695886 0.5003742 0.2442470 -0.4278230 0.0128073 -0.4622343 -0.1666269 0.8708680
1305031467.827800 0.5082389 0.2213493 -0.3986791 0.0291287 -0.4745835 -0.1728908 0.8625723
1305031467.995754 0.5045588 0.2040361 -0.3511645 0.0527547 -0.5033255 -0.1644070 0.8466704
1305031468.127816 0.4914736 0.1784740 -0.3095368 0.0561429 -0.5139300 -0.1722808 0.8384767
1305031468.295830 0.4819846 0.1341344 -0.2584867 0.0507674 -0.5175018 -0.1796031 0.8350793
1305031468.459759 0.4732904 0.0799833 -0.2262934 0.0386469 -0.5135334 -0.1757416 0.8389903
1305031468.627626 0.4571986 0.0305785 -0.2179227 0.0419411 -0.5101062 -0.1991090 0.8356963
1305031468.829247 0.4270759 -0.0300935 -0.2189292 0.0597002 -0.5301408 -0.2117269 0.8188763
1305031469.059832 0.4004575 -0.0484191 -0.2101547 0.0149627 -0.5051876 -0.2470208 0.8267663
1305031469.296754 0.3625932 -0.0599950 -0.1790721 -0.0237451 -0.4677195 -0.3083625 0.8280019
1305031469.459668 0.3377147 -0.0484061 -0.1536712 -0.0256288 -0.4296995 -0.3403418 0.8359838
1305031469.627752 0.3203910 -0.0183907 -0.1256804 -0.0502811 -0.4260362 -0.3474666 0.8338057
1305031469.827526 0.2893590 0.0279063 -0.1091087 -0.0853617 -0.4024623 -0.3499652 0.8415829
1305031470.059638 0.2561604 0.0975373 -0.1164100 -0.1103363 -0.4073108 -0.3395174 0.8406258
1305031470.227618 0.2367439 0.1389018 -0.1412850 -0.1281960 -0.4047207 -0.3292104 0.8434379
1305031470.359624 0.2190387 0.1660358 -0.1625970 -0.1549566 -0.4004267 -0.3250327 0.8426154
1305031470.495686 0.2007766 0.1913980 -0.1870907 -0.1580191 -0.4022983 -0.3204631 0.8429054
1305031470.659690 0.1805191 0.2093898 -0.2112258 -0.1697145 -0.3989976 -0.3121631 0.8453118
1305031470.795615 0.1632255 0.2201718 -0.2264175 -0.1801495 -0.3887089 -0.3035621 0.8510591
1305031470.927684 0.1464532 0.2250422 -0.2419342 -0.1735145 -0.3904017 -0.2832060 0.8586465
1305031471.259722 0.1132198 0.2180039 -0.2789345 -0.1405633 -0.3803215 -0.2292490 0.8848968
1305031471.427704 0.1013611 0.2127953 -0.2913223 -0.1395957 -0.3558010 -0.2093265 0.9000562
1305031471.795801 0.0966061 0.2126506 -0.3152254 -0.1464315 -0.3180457 -0.1678950 0.9215292
1305031471.995573 0.0929368 0.2225839 -0.3231367 -0.1653324 -0.2820804 -0.1468654 0.9335558
1305031472.195682 0.0771709 0.2281711 -0.3298813 -0.1856732 -0.2532672 -0.1342748 0.9398679
1305031472.463603 0.0722766 0.2236961 -0.3344884 -0.1705420 -0.2548774 -0.1201367 0.9442035
1305031472.927685 0.0727016 0.2038426 -0.3236440 -0.1559919 -0.2591191 -0.1043115 0.9474402
