1305031453.523684 0.0000000 0.0000000 0.0000000 -0.0000000 -0.0000000 -0.0000000 1.0000000
1305031453.627706 0.0278844 0.0117733 -0.0497448 0.0192070 -0.0059926 0.0145271 0.9996920
1305031453.659600 0.0341257 0.0147783 -0.0681136 0.0251039 -0.0138024 0.0127651 0.9995081
1305031453.727652 0.0480742 0.0220556 -0.1052867 0.0321797 -0.0333797 0.0037481 0.9989175
1305031453.827773 0.0660593 0.0368713 -0.1501877 0.0418437 -0.0724852 -0.0171998 0.9963430
1305031453.959641 0.0999701 0.0488270 -0.1955587 0.0332729 -0.1600488 -0.0438280 0.9855742
1305031454.027662 0.1028851 0.0507958 -0.2032965 0.0337336 -0.1922854 -0.0624201 0.9787707
1305031454.091651 0.1199877 0.0531584 -0.2193792 0.0355232 -0.2286363 -0.0845205 0.9691852
1305031454.159672 0.1614345 0.0484495 -0.2253828 0.0389335 -0.2799712 -0.1098528 0.9529075
1305031454.227671 0.1731742 0.0405556 -0.2120602 0.0398631 -0.3275236 -0.1370082 0.9340065
1305031454.291639 0.1761528 0.0392962 -0.2190253 0.0440066 -0.3532044 -0.1635154 0.9200939
1305031454.359636 0.1828293 0.0380130 -0.2170206 0.0558489 -0.3836773 -0.1876820 0.9024678
1305031454.427465 0.1902414 0.0377339 -0.2139045 0.0613443 -0.4132195 -0.2107118 0.8837913
1305031454.491617 0.2000971 0.0318458 -0.2147911 0.0678004 -0.4331845 -0.2421682 0.8655108
1305031454.559575 0.2007479 0.0306055 -0.2134278 0.0648779 -0.4493899 -0.2692588 0.8493170
1305031454.627580 0.2069634 0.0252541 -0.2114117 0.0623548 -0.4773402 -0.3012337 0.8231139
1305031454.659528 0.2105598 0.0226044 -0.2128713 0.0555021 -0.4893815 -0.3120810 0.8124228
1305031454.727659 0.2087159 0.0202726 -0.2134398 0.0397816 -0.5134473 -0.3251912 0.7931204
1305031454.891764 0.2058188 0.0100761 -0.2208603 -0.0115175 -0.5056925 -0.3146566 0.8032021
1305031454.959648 0.2060667 0.0044572 -0.2197575 -0.0283535 -0.4966720 -0.3118258 0.8094923
1305031455.027799 0.2038580 -0.0004988 -0.2154575 -0.0417839 -0.4982210 -0.3105316 0.8084553
1305031455.159720 0.1994618 -0.0069352 -0.2041118 -0.0569943 -0.5003018 -0.3116730 0.8057975
1305031455.227581 0.1933347 -0.0076771 -0.1954295 -0.0687516 -0.5042216 -0.3058150 0.8046807
1305031455.259631 0.1913043 -0.0102743 -0.1926601 -0.0760194 -0.5042530 -0.3056670 0.8040631
1305031455.327766 0.1888412 -0.0125416 -0.1839060 -0.0994550 -0.5064391 -0.2939367 0.8045056
1305031455.459589 0.1829956 -0.0123621 -0.1671353 -0.1427620 -0.5071520 -0.2756520 0.8040099
1305031455.527610 0.1808000 -0.0124967 -0.1577025 -0.1597318 -0.5132052 -0.2581404 0.8027887
1305031455.591645 0.1772604 -0.0140453 -0.1481042 -0.1753532 -0.5273064 -0.2376150 0.7967046
1305031455.659615 0.1749946 -0.0129591 -0.1378437 -0.1824064 -0.5398635 -0.2206581 0.7915714
1305031455.727628 0.1720901 -0.0139592 -0.1310034 -0.1769199 -0.5525836 -0.2224014 0.7835102
1305031455.791666 0.1701426 -0.0132853 -0.1232472 -0.1670195 -0.5610634 -0.2254472 0.7787721
1305031455.859526 0.1689023 -0.0145995 -0.1182575 -0.1628423 -0.5707341 -0.2247944 0.7727953
1305031455.927955 0.1679254 -0.0141587 -0.1127207 -0.1571679 -0.5788597 -0.2265716 0.7673884
1305031455.991694 0.1687259 -0.0146869 -0.1125720 -0.1533686 -0.5799284 -0.2300904 0.7663025
1305031456.159731 0.1664304 -0.0138424 -0.1038821 -0.1511782 -0.5811840 -0.2536396 0.7583122
1305031456.227678 0.1670064 -0.0111245 -0.0997250 -0.1398752 -0.5777568 -0.2431913 0.7664790
1305031456.291675 0.1643339 -0.0090025 -0.0976919 -0.1353662 -0.5665769 -0.2371180 0.7774585
1305031456.491677 0.1552262 -0.0034642 -0.0864820 -0.1363732 -0.5485337 -0.2038354 0.7993524
1305031456.559608 0.1475735 0.0006874 -0.0839702 -0.1492249 -0.5530009 -0.1962443 0.7958708
1305031456.627612 0.1414747 -0.0000218 -0.0842814 -0.1725824 -0.5434273 -0.1949531 0.7980573
1305031456.691612 0.1336233 0.0076019 -0.0776981 -0.1836780 -0.5446473 -0.1839127 0.7973693
1305031456.759615 0.1302999 0.0137721 -0.0737807 -0.2016515 -0.5527550 -0.1703988 0.7904194
1305031456.827603 0.1192989 0.0141454 -0.0748670 -0.2177722 -0.5602183 -0.1566602 0.7837018
1305031456.891672 0.1121410 0.0185337 -0.0732667 -0.2298028 -0.5597253 -0.1508757 0.7817511
1305031456.991709 0.1041974 0.0221599 -0.0705675 -0.2472000 -0.5535971 -0.1441805 0.7820706
1305031457.127632 0.0992682 0.0266687 -0.0668981 -0.2699965 -0.5489780 -0.1389862 0.7787220
1305031457.191735 0.0993712 0.0266225 -0.0635454 -0.2788313 -0.5466086 -0.1271760 0.7792935
1305031457.359712 0.1060763 0.0257260 -0.0559608 -0.2890395 -0.5411211 -0.0972958 0.7836949
1305031457.427641 0.1086627 0.0234894 -0.0520297 -0.2931155 -0.5377375 -0.0822203 0.7862325
1305031457.559685 0.1154063 0.0205624 -0.0487611 -0.2951249 -0.5467245 -0.0601596 0.7812647
1305031457.627526 0.1188677 0.0191058 -0.0472447 -0.2974652 -0.5511141 -0.0490634 0.7780620
1305031457.691570 0.1221837 0.0161029 -0.0463052 -0.3076253 -0.5555335 -0.0416177 0.7713736
1305031457.759556 0.1256418 0.0170325 -0.0446840 -0.2983076 -0.5656641 -0.0364188 0.7679261
1305031457.859623 0.1306745 0.0156027 -0.0442532 -0.2799447 -0.5629728 -0.0189764 0.7773883
1305031457.927633 0.1332650 0.0162456 -0.0414116 -0.2643715 -0.5665790 0.0032115 0.7804394
1305031457.991644 0.1357338 0.0152062 -0.0406595 -0.2599057 -0.5719869 0.0212507 0.7777072
1305031458.059689 0.1378537 0.0143489 -0.0402238 -0.2513822 -0.5717881 0.0411185 0.7798555
1305031458.127605 0.1390202 0.0149067 -0.0372878 -0.2544958 -0.5767463 0.0475654 0.7748117
1305031458.191646 0.1411859 0.0153058 -0.0337568 -0.2579409 -0.5875405 0.0584849 0.7647497
1305031458.259934 0.1423089 0.0204433 -0.0301903 -0.2525300 -0.6089098 0.0637788 0.7492594
1305031458.327628 0.1439849 0.0206800 -0.0264305 -0.2482695 -0.6294228 0.0799213 0.7319849
1305031458.391626 0.1436456 0.0231308 -0.0225201 -0.2347616 -0.6467195 0.1034364 0.7182909
1305031458.459637 0.1416363 0.0254177 -0.0210518 -0.2305568 -0.6455142 0.1329929 0.7158686
1305031458.491696 0.1421974 0.0273594 -0.0192122 -0.2123410 -0.6424891 0.1492355 0.7210047
1305031458.559628 0.1404625 0.0275981 -0.0154454 -0.2014875 -0.6389240 0.1591824 0.7251481
1305031458.627659 0.1413619 0.0293252 -0.0092494 -0.1912631 -0.6526120 0.1583033 0.7158604
1305031458.691674 0.1411405 0.0335276 -0.0063797 -0.1953466 -0.6801131 0.1565930 0.6890315
1305031458.759945 0.1376327 0.0349943 -0.0050920 -0.1768903 -0.7100843 0.1560187 0.6634367
1305031458.827564 0.1362280 0.0342344 -0.0024017 -0.1722109 -0.7357588 0.1390530 0.6400520
1305031458.859887 0.1333180 0.0347638 -0.0039917 -0.1680648 -0.7379473 0.1435522 0.6376369
1305031458.927621 0.1335799 0.0339937 -0.0012819 -0.1655534 -0.7398231 0.1390288 0.6371223
1305031458.991647 0.1286708 0.0398156 -0.0061524 -0.1789112 -0.7273996 0.1703576 0.6402022
1305031459.059631 0.1277559 0.0490698 -0.0065078 -0.1706918 -0.7361493 0.2234943 0.6156288
1305031459.127618 0.1237351 0.0554482 -0.0135541 -0.1669192 -0.7466854 0.2958425 0.5719057
1305031459.159639 0.1224862 0.0573088 -0.0138237 -0.1614217 -0.7599604 0.3164141 0.5443211
1305031459.227607 0.1197236 0.0594455 -0.0185860 -0.1738360 -0.7638657 0.3585058 0.5077044
1305031459.259760 0.1191244 0.0606348 -0.0175702 -0.1806317 -0.7672789 0.3640477 0.4961095
1305031459.327632 0.1185052 0.0625579 -0.0173305 -0.2134078 -0.7495534 0.3742600 0.5025499
1305031459.391667 0.1182435 0.0766599 -0.0182982 -0.2560735 -0.7143458 0.4203851 0.4974062
1305031459.459679 0.1176791 0.0773825 -0.0206723 -0.3480770 -0.6511593 0.4362278 0.5143339
1305031459.527594 0.1197617 0.0820669 -0.0244855 -0.4190055 -0.6061533 0.4489805 0.5054001
1305031459.591695 0.1185365 0.0801955 -0.0333642 -0.4726211 -0.5592862 0.4725645 0.4904192
1305031459.659641 0.1163841 0.0793821 -0.0359328 -0.4861973 -0.5508695 0.4776670 0.4816526
1305031459.727551 0.1138282 0.0771446 -0.0403431 -0.5010226 -0.5352498 0.4790599 0.4826859
1305031459.827664 0.1106296 0.0724290 -0.0469866 -0.4918855 -0.5269157 0.4965966 0.4835290
1305031459.927607 0.1053756 0.0685304 -0.0516406 -0.4880539 -0.5315482 0.5120677 0.4658827
1305031459.991725 0.1027916 0.0665444 -0.0537967 -0.4882109 -0.5313799 0.5225859 0.4540810
1305031460.091717 0.0975119 0.0629170 -0.0566652 -0.4827156 -0.5257845 0.5435447 0.4416961
1305031460.159678 0.0947127 0.0613676 -0.0584744 -0.4755389 -0.5212615 0.5718810 0.4184511
1305031460.227761 0.0914812 0.0598843 -0.0596252 -0.4731869 -0.5190271 0.5842825 0.4065943
1305031460.291689 0.0890887 0.0587824 -0.0605472 -0.4709078 -0.5062611 0.5899628 0.4170006
1305031460.359630 0.0866591 0.0576272 -0.0616116 -0.4739094 -0.4899375 0.5960996 0.4243070
1305031460.427477 0.0842082 0.0551812 -0.0605012 -0.4858858 -0.4756347 0.5910158 0.4340359
1305031460.759667 0.0731531 0.0475574 -0.0612045 -0.5308889 -0.4160794 0.5749916 0.4630545
1305031460.827660 0.0708816 0.0461754 -0.0617156 -0.5279971 -0.4164205 0.5745080 0.4666408
1305031460.927562 0.0672998 0.0440970 -0.0612738 -0.5286582 -0.4200651 0.5647316 0.4744935
1305031461.059662 0.0636582 0.0421396 -0.0605291 -0.5173226 -0.4116771 0.5779614 0.4783930
1305031461.192013 0.0605866 0.0409211 -0.0588687 -0.4984794 -0.4180181 0.5844176 0.4850106
1305031461.259642 0.0586318 0.0401517 -0.0584173 -0.4894684 -0.4170865 0.5881420 0.4904574
1305031461.327751 0.0571160 0.0400068 -0.0580463 -0.4780586 -0.4177258 0.5894781 0.4994804
1305031461.427624 0.0543244 0.0397833 -0.0571393 -0.4768097 -0.4222448 0.5828782 0.5045938
1305031461.491677 0.0526778 0.0396323 -0.0562330 -0.4788411 -0.4249219 0.5783224 0.5056638
1305031461.559677 0.0528764 0.0398112 -0.0556707 -0.4745661 -0.4231035 0.5757496 0.5140846
1305031461.659622 0.0529431 0.0406140 -0.0552093 -0.4826248 -0.4124251 0.5639508 0.5281463
1305031461.759684 0.0534990 0.0422909 -0.0554700 -0.5002048 -0.4036241 0.5609716 0.5217218
1305031461.859767 0.0542659 0.0450485 -0.0565316 -0.5255808 -0.3894238 0.5550249 0.5138689
1305031461.959703 0.0539989 0.0470012 -0.0566969 -0.5611280 -0.3838186 0.5380784 0.4982876
1305031462.059837 0.0549235 0.0491570 -0.0593226 -0.5978060 -0.3760189 0.5322897 0.4668036
1305031462.159646 0.0556487 0.0505972 -0.0598786 -0.6229526 -0.3771682 0.5279260 0.4369992
1305031462.259765 0.0566251 0.0512416 -0.0617271 -0.6355893 -0.3856235 0.5133120 0.4287558
1305031462.359732 0.0578486 0.0515512 -0.0638466 -0.6400986 -0.4067021 0.4952351 0.4238033
1305031462.459897 0.0588132 0.0514357 -0.0670513 -0.6413888 -0.4377159 0.4791711 0.4091702
1305031462.559862 0.0615162 0.0512759 -0.0688540 -0.6364451 -0.4722890 0.4643859 0.3952549
1305031462.659660 0.0659797 0.0517465 -0.0694629 -0.6231640 -0.4971668 0.4499160 0.4025759
1305031462.759782 0.0718132 0.0526644 -0.0712818 -0.6012730 -0.5220428 0.4459635 0.4087281
1305031462.859782 0.0799133 0.0558595 -0.0726715 -0.5908767 -0.5445140 0.4372192 0.4039909
1305031462.959676 0.0885012 0.0593561 -0.0718518 -0.5915914 -0.5525922 0.4251408 0.4048666
1305031463.059810 0.0983317 0.0627715 -0.0704350 -0.5736022 -0.5655627 0.4242666 0.4136634
1305031463.159787 0.1070837 0.0670242 -0.0663217 -0.5549779 -0.5853581 0.4098053 0.4259285
1305031463.260034 0.1151365 0.0711935 -0.0635602 -0.5435378 -0.5965716 0.3946811 0.4391991
1305031463.395630 0.1250378 0.0767933 -0.0588577 -0.5294514 -0.6095552 0.3853865 0.4467672
1305031463.495629 0.1340000 0.0838775 -0.0514680 -0.5240096 -0.6244029 0.3623515 0.4519252
1305031463.595600 0.1415776 0.0860819 -0.0438775 -0.5278166 -0.6224648 0.3397554 0.4674543
1305031463.695640 0.1492898 0.0856813 -0.0280970 -0.5182585 -0.6327460 0.3078646 0.4860659
1305031463.795647 0.1548642 0.0818964 -0.0131218 -0.4947127 -0.6421537 0.2670269 0.5211474
1305031463.927664 0.1576483 0.0689722 0.0015426 -0.4546447 -0.6524872 0.2075467 0.5696341
1305031464.095634 0.1597956 0.0523533 0.0132377 -0.3964992 -0.6668082 0.1534764 0.6120459
1305031464.227624 0.1661569 0.0431479 0.0157724 -0.3589383 -0.6755070 0.1627411 0.6231925
1305031464.395611 0.1709552 0.0357240 0.0210323 -0.3095272 -0.7150009 0.1540436 0.6076489
1305031464.527574 0.1762408 0.0282903 0.0232258 -0.2670121 -0.7191436 0.1223582 0.6297345
1305031464.659749 0.1764414 0.0211403 0.0181244 -0.2086004 -0.6949083 0.0975388 0.6812301
1305031464.759740 0.1773225 0.0192856 0.0177585 -0.1383684 -0.6854860 0.0954392 0.7084169
1305031464.895817 0.1779308 0.0174359 0.0169346 -0.0667828 -0.7218483 0.0748200 0.6847460
1305031465.027823 0.1667979 0.0100113 0.0099069 0.0120828 -0.7269853 0.0163444 0.6863521
1305031465.159842 0.1744246 0.0104982 0.0145754 0.0512066 -0.7527200 -0.0642281 0.6531962
1305031465.295623 0.1682117 0.0042614 0.0144775 0.0409417 -0.7684457 -0.1332716 0.6245427
1305031465.395586 0.1690483 0.0026537 0.0147086 0.0117019 -0.7855517 -0.1372393 0.6032719
1305031465.495703 0.1714943 -0.0036186 0.0137561 -0.0027149 -0.7895518 -0.1498987 0.5950890
1305031465.595599 0.1712072 -0.0080614 0.0086563 -0.0065112 -0.7844088 -0.1581427 0.5997093
1305031465.727682 0.1748139 -0.0154734 0.0058485 -0.0147583 -0.7778443 -0.1625032 0.6069044
1305031465.827996 0.1773936 -0.0207813 0.0032210 -0.0109500 -0.7686146 -0.1661146 0.6176711
1305031465.927495 0.1800841 -0.0272391 -0.0015792 -0.0002771 -0.7426332 -0.1815507 0.6446202
1305031466.027644 0.1826836 -0.0338041 -0.0045364 0.0208716 -0.7196434 -0.2013855 0.6641699
1305031466.095840 0.1866697 -0.0382981 -0.0057625 0.0132268 -0.7072884 -0.2229881 0.6707044
1305031466.160428 0.1903677 -0.0415905 -0.0069045 -0.0013664 -0.7018699 -0.2410956 0.6702609
1305031466.227951 0.1966920 -0.0460230 -0.0062227 -0.0217480 -0.7020151 -0.2645642 0.6608386
1305031466.295737 0.1981569 -0.0452217 -0.0098258 -0.0087628 -0.6915600 -0.2788704 0.6662577
1305031466.359829 0.2047508 -0.0477206 -0.0103395 0.0031712 -0.6711081 -0.2981060 0.6787758
1305031466.427819 0.2095735 -0.0501241 -0.0112708 0.0148074 -0.6657161 -0.3036361 0.6814749
1305031466.495809 0.2152931 -0.0522889 -0.0105519 0.0106442 -0.6655876 -0.3111607 0.6782764
1305031466.560353 0.2210456 -0.0560656 -0.0097941 0.0089057 -0.6547145 -0.3193222 0.6850569
1305031466.627549 0.2235815 -0.0588303 -0.0067745 0.0015251 -0.6450072 -0.3337159 0.6874570
1305031466.695822 0.2279260 -0.0603676 -0.0044341 0.0155604 -0.6408035 -0.3390319 0.6886117
1305031466.759637 0.2282288 -0.0624906 -0.0016272 0.0217593 -0.6362512 -0.3561782 0.6839942
1305031466.927756 0.2342192 -0.0658319 0.0035818 0.0234400 -0.6537369 -0.3613597 0.6644530
1305031467.095687 0.2387622 -0.0713416 0.0098419 0.0266562 -0.6616916 -0.3741861 0.6491829
1305031467.227704 0.2419165 -0.0748226 0.0132122 0.0414908 -0.6676847 -0.3925276 0.6311877
1305031467.295846 0.2437308 -0.0766360 0.0151440 0.0479333 -0.6732473 -0.3980178 0.6213070
1305031467.359654 0.2468961 -0.0784689 0.0172325 0.0476704 -0.6782579 -0.4029317 0.6126499
1305031467.427783 0.2483936 -0.0807376 0.0191457 0.0429887 -0.6816462 -0.4136195 0.6020210
1305031467.559763 0.2531101 -0.0860689 0.0232800 0.0396897 -0.6851612 -0.4304110 0.5862809
1305031467.627532 0.2538136 -0.0880132 0.0248068 0.0378276 -0.6875014 -0.4274141 0.5858567
1305031467.759907 0.2527478 -0.0925752 0.0286706 0.0522537 -0.6999710 -0.4186039 0.5762646
1305031467.827800 0.2501696 -0.0941811 0.0301775 0.0593577 -0.7045968 -0.4156351 0.5720729
1305031467.927754 0.2449848 -0.0954326 0.0326656 0.0653200 -0.7203159 -0.4039011 0.5601270
1305031468.028107 0.2382725 -0.0968082 0.0355496 0.0733304 -0.7264963 -0.4019792 0.5524839
1305031468.127816 0.2318380 -0.0988221 0.0371764 0.0808530 -0.7305187 -0.4020233 0.5460609
1305031468.228158 0.2252240 -0.1021616 0.0389890 0.0866945 -0.7294914 -0.4062136 0.5434307
1305031468.327847 0.2195223 -0.1079281 0.0393768 0.0925285 -0.7235922 -0.4059432 0.5505114
1305031468.428025 0.2148995 -0.1118214 0.0396459 0.0947355 -0.7194300 -0.4029608 0.5577349
1305031468.527756 0.2115826 -0.1170268 0.0382822 0.1037677 -0.7153956 -0.4066428 0.5586439
1305031468.627626 0.2083811 -0.1207209 0.0347270 0.1193659 -0.7140695 -0.4152271 0.5508566
1305031468.727785 0.2052704 -0.1230049 0.0316404 0.1322135 -0.7272289 -0.4103177 0.5341322
1305031468.829247 0.2028952 -0.1254558 0.0282824 0.1528109 -0.7346522 -0.4066940 0.5210902
1305031468.928141 0.1999766 -0.1268964 0.0262411 0.1574902 -0.7256818 -0.4098899 0.5296913
1305031469.027699 0.1966784 -0.1256950 0.0247936 0.1378007 -0.7058751 -0.4380989 0.5392779
1305031469.127679 0.1918841 -0.1244820 0.0240562 0.1334724 -0.6844435 -0.4770310 0.5349427
1305031469.227754 0.1862931 -0.1227602 0.0231717 0.1354602 -0.6588988 -0.4987228 0.5466063
1305031469.327618 0.1810482 -0.1204632 0.0237800 0.1324231 -0.6455354 -0.5124240 0.5506086
1305031469.427651 0.1755651 -0.1194742 0.0252251 0.1427742 -0.6206421 -0.5291480 0.5607330
1305031469.527622 0.1707232 -0.1127057 0.0274368 0.1520049 -0.6065734 -0.5371693 0.5660498
1305031469.627752 0.1658082 -0.1095728 0.0310594 0.1274855 -0.5998487 -0.5509391 0.5660344
1305031469.759599 0.1599013 -0.1019477 0.0332507 0.1102813 -0.5777273 -0.5642126 0.5794250
1305031469.895755 0.1562714 -0.0925575 0.0347115 0.0809573 -0.5692851 -0.5747305 0.5822759
1305031470.027694 0.1548203 -0.0828446 0.0359069 0.0574940 -0.5761338 -0.5759313 0.5771200
1305031470.127633 0.1553702 -0.0758446 0.0353006 0.0441566 -0.5761622 -0.5783719 0.5758240
1305031470.259965 0.1570949 -0.0675632 0.0330824 0.0193694 -0.5763553 -0.5806462 0.5747081
1305031470.359624 0.1583081 -0.0614612 0.0309104 -0.0053881 -0.5723516 -0.5843081 0.5752988
1305031470.459721 0.1598562 -0.0563791 0.0282477 -0.0154165 -0.5764485 -0.5864241 0.5688376
1305031470.559677 0.1612208 -0.0524808 0.0251403 -0.0217426 -0.5794430 -0.5868648 0.5651219
1305031470.695630 0.1622198 -0.0478369 0.0216376 -0.0406439 -0.5799851 -0.5822711 0.5682656
1305031470.795615 0.1623196 -0.0448433 0.0188708 -0.0475879 -0.5743787 -0.5798376 0.5758584
1305031470.895722 0.1627573 -0.0425586 0.0156849 -0.0491774 -0.5822307 -0.5645888 0.5829481
1305031471.159649 0.1635299 -0.0405674 0.0063513 -0.0317475 -0.6120730 -0.5120056 0.6018381
1305031471.296068 0.1634586 -0.0395626 0.0030033 -0.0375166 -0.6085622 -0.4981944 0.6164795
1305031471.527624 0.1649230 -0.0388337 -0.0019974 -0.0410483 -0.5990004 -0.4722686 0.6453495
1305031471.695609 0.1667165 -0.0392628 -0.0039925 -0.0403331 -0.5889036 -0.4605612 0.6629096
1305031471.895604 0.1688661 -0.0378515 -0.0050252 -0.0591325 -0.5662664 -0.4393428 0.6948551
1305031472.027638 0.1692945 -0.0361412 -0.0064837 -0.0681239 -0.5394252 -0.4405663 0.7143395
1305031472.195682 0.1684488 -0.0343136 -0.0091686 -0.0809186 -0.5217283 -0.4349926 0.7294061
1305031472.363577 0.1690819 -0.0337428 -0.0106338 -0.0701067 -0.5246146 -0.4192132 0.7376482
1305031472.563587 0.1673195 -0.0361412 -0.0116108 -0.0709608 -0.5296169 -0.4141659 0.7368426
1305031472.827627 0.1655567 -0.0388396 -0.0107585 -0.0629923 -0.5393941 -0.4014715 0.7375003
1305031473.196069 0.1642018 -0.0388396 -0.0105758 -0.0613791 -0.5436156 -0.3970282 0.7369418
