1305031453.523684 0.0000000 0.0000000 0.0000000 -0.0000000 -0.0000000 -0.0000000 1.0000000
1305031453.691678 0.0014257 0.0267373 -0.0656376 0.0354818 -0.0065282 0.0107389 0.9992913
1305031453.727652 -0.0037224 0.0347294 -0.0776117 0.0401656 -0.0115836 0.0062600 0.9991063
1305031453.759694 -0.0073494 0.0398046 -0.0900807 0.0442306 -0.0212621 -0.0010324 0.9987946
1305031453.791716 -0.0090451 0.0440014 -0.1020595 0.0472872 -0.0319252 -0.0087044 0.9983331
1305031453.891710 -0.0498215 0.0665128 -0.1337881 0.0517921 -0.0593514 -0.0299093 0.9964439
1305031453.927723 -0.0543639 0.0699323 -0.1404789 0.0482100 -0.0791237 -0.0335157 0.9951341
1305031453.959641 -0.0594936 0.0744053 -0.1447345 0.0455002 -0.0964986 -0.0423786 0.9933891
1305031453.991624 -0.0605412 0.0793354 -0.1470495 0.0450728 -0.1112435 -0.0526985 0.9913709
1305031454.027662 -0.0724424 0.0780924 -0.1538341 0.0452663 -0.1219863 -0.0634165 0.9894689
1305031454.059654 -0.0834214 0.0848476 -0.1576125 0.0472033 -0.1322982 -0.0750440 0.9872373
1305031454.091651 -0.0940318 0.0846116 -0.1605613 0.0462542 -0.1433586 -0.0886893 0.9846030
1305031454.127701 -0.1042098 0.0866727 -0.1634180 0.0493712 -0.1571533 -0.1027924 0.9809685
1305031454.159672 -0.1153474 0.0933473 -0.1698739 0.0505590 -0.1704554 -0.1146240 0.9773690
1305031454.191658 -0.1287090 0.0973159 -0.1735034 0.0485270 -0.1849598 -0.1291378 0.9730151
1305031454.227671 -0.1400051 0.0903266 -0.1755095 0.0469346 -0.2010929 -0.1475330 0.9672605
1305031454.327699 -0.1602482 0.1015877 -0.1804808 0.0535187 -0.2313335 -0.1893662 0.9527649
1305031454.459913 -0.1778558 0.1161593 -0.1869442 0.0666256 -0.2740830 -0.2443397 0.9277595
1305031454.491617 -0.1834397 0.1223034 -0.1901240 0.0695514 -0.2777695 -0.2604450 0.9220495
1305031454.559575 -0.1896367 0.1385207 -0.1942991 0.0695143 -0.2886279 -0.2882242 0.9103782
1305031454.627580 -0.1936694 0.1502043 -0.1999775 0.0669800 -0.3109152 -0.3186118 0.8929344
1305031454.691884 -0.1917439 0.1628305 -0.2025162 0.0546157 -0.3362476 -0.3313972 0.8798469
1305031454.727659 -0.1855888 0.1680403 -0.2000331 0.0514267 -0.3505304 -0.3348898 0.8731166
1305031454.791641 -0.1753456 0.1727767 -0.1967156 0.0374184 -0.3606397 -0.3228122 0.8742604
1305031455.259631 -0.1947509 0.2877796 -0.2394551 0.0139976 -0.3041803 -0.2560298 0.9174569
1305031455.327766 -0.2147370 0.3017363 -0.2507248 -0.0010369 -0.2925739 -0.2368578 0.9264436
1305031455.559669 -0.2916591 0.3294199 -0.3013255 -0.0443113 -0.2538889 -0.1724011 0.9507128
1305031455.627617 -0.3162501 0.3313284 -0.3175613 -0.0541291 -0.2504654 -0.1461388 0.9555002
1305031455.827590 -0.3948091 0.3269766 -0.3848568 -0.0386211 -0.2216597 -0.1497840 0.9627773
1305031455.891657 -0.4156518 0.3207564 -0.4062162 -0.0389130 -0.2152509 -0.1517446 0.9639121
1305031456.127645 -0.4859439 0.3036659 -0.4565755 -0.0599048 -0.1752086 -0.1782282 0.9664099
1305031456.191658 -0.5043930 0.2860698 -0.4618151 -0.0592921 -0.1614546 -0.1771428 0.9690394
1305031456.259614 -0.5201939 0.2858499 -0.4655315 -0.0550110 -0.1397356 -0.1716468 0.9736453
1305031456.327718 -0.5432223 0.2761823 -0.4649747 -0.0488270 -0.1167050 -0.1613995 0.9787472
1305031456.827603 -0.7182609 0.3310132 -0.3793200 -0.0722081 -0.0502360 -0.0615595 0.9942197
1305031456.891672 -0.7365275 0.3244416 -0.3607545 -0.0856735 -0.0449992 -0.0516332 0.9939663
1305031456.959667 -0.7535484 0.3470683 -0.3525991 -0.0758860 -0.0332635 -0.0389306 0.9958009
1305031457.459614 -0.9312213 0.3344209 -0.3959053 -0.0815357 0.0893980 0.0387119 0.9918979
1305031457.527638 -0.9530492 0.3209544 -0.4105221 -0.0787132 0.0948440 0.0452393 0.9913437
1305031457.591678 -0.9801299 0.3176048 -0.4265467 -0.0708129 0.1059538 0.0525796 0.9904518
1305031457.659632 -1.0056809 0.3131161 -0.4397784 -0.0661656 0.1114111 0.0599354 0.9897562
1305031457.827699 -1.0593132 0.2752382 -0.4615503 -0.0561743 0.1281536 0.0591494 0.9883939
1305031457.891593 -1.0886666 0.2471690 -0.4608704 -0.0521580 0.1471885 0.0583840 0.9860053
1305031457.991644 -1.1299498 0.2377449 -0.4640272 -0.0252025 0.1563593 0.0671414 0.9850932
1305031458.091690 -1.1636099 0.2384066 -0.4568120 -0.0044283 0.1692578 0.0721949 0.9829141
1305031458.191646 -1.2101494 0.2276580 -0.4278605 -0.0040480 0.1817846 0.0773901 0.9802799
1305031458.259934 -1.2408727 0.1974821 -0.3981002 -0.0207184 0.1825103 0.0767762 0.9799828
1305031458.359590 -1.2774582 0.1807947 -0.3558120 -0.0050115 0.1721454 0.0796052 0.9818370
1305031458.459637 -1.2850432 0.1712300 -0.3290936 0.0250107 0.1700393 0.0993859 0.9800937
1305031458.527737 -1.3018656 0.1937785 -0.2959798 0.0724742 0.1925101 0.0941005 0.9740803
1305031458.627659 -1.3263366 0.2284282 -0.2395809 0.1006423 0.2121342 0.0782431 0.9688902
1305031458.827564 -1.3245054 0.2464790 -0.1487675 0.0845354 0.1381930 0.0414045 0.9859220
1305031458.927621 -1.3210392 0.2476534 -0.1250776 0.0911487 0.1381584 0.0362726 0.9855397
1305031458.991647 -1.3401016 0.2175499 -0.1054684 0.0788403 0.1536227 0.0551420 0.9834346
1305031459.059631 -1.3844099 0.2041103 -0.0911357 0.0957679 0.1517362 0.0629824 0.9817525
1305031459.159639 -1.4455395 0.1890588 -0.0718640 0.1249307 0.0952511 0.0803424 0.9843092
1305031459.227607 -1.4555672 0.1917709 -0.0478919 0.1332856 0.0648707 0.0936999 0.9845035
1305031459.291690 -1.4501716 0.2013845 -0.0327136 0.1324847 0.0670899 0.1161928 0.9820622
1305031459.359651 -1.4593433 0.2109594 -0.0141072 0.1394748 0.1091154 0.1537584 0.9721106
1305031459.427646 -1.4617847 0.2353177 -0.0038966 0.1308939 0.1636367 0.2228109 0.9520742
1305031459.491555 -1.4909583 0.2531328 0.0215971 0.1353368 0.2246074 0.2880232 0.9210202
1305031459.559647 -1.5263243 0.2501497 0.0296387 0.1202767 0.2666438 0.3453498 0.8917220
1305031459.627608 -1.5560682 0.2460089 0.0393015 0.1162581 0.2783716 0.3713085 0.8781363
1305031459.691604 -1.5794761 0.2445627 0.0527282 0.1125724 0.2984323 0.3764195 0.8698126
1305031459.791650 -1.6198274 0.2055635 0.0672529 0.1027580 0.3216904 0.3740047 0.8637573
1305031459.859660 -1.6461836 0.1863593 0.0822586 0.0979921 0.3237824 0.3704031 0.8650804
1305031459.927607 -1.6609070 0.1599683 0.0919697 0.0901779 0.3170575 0.3781273 0.8650793
1305031459.991725 -1.6772037 0.1386968 0.1064654 0.0857625 0.3162579 0.3854467 0.8625872
1305031460.059659 -1.6886458 0.1106033 0.1163922 0.0828610 0.3174668 0.3917425 0.8595852
1305031460.127690 -1.7010088 0.0802385 0.1267559 0.0888393 0.3060401 0.4085866 0.8552801
1305031460.191559 -1.7052238 0.0647985 0.1401971 0.0965230 0.2911229 0.4232383 0.8525257
1305031460.259667 -1.6954942 0.0493817 0.1474162 0.0975444 0.2946943 0.4278111 0.8488923
1305031460.327512 -1.6965711 0.0304629 0.1572249 0.0977142 0.3126335 0.4289413 0.8418561
1305031460.627625 -1.6932660 -0.0497081 0.2028435 0.0599617 0.4066112 0.4673776 0.7827069
1305031460.727675 -1.6988862 -0.0770678 0.2270138 0.0489555 0.4249105 0.4672829 0.7737578
1305031460.827660 -1.6981170 -0.1036832 0.2509578 0.0367444 0.4378938 0.4629048 0.7698168
1305031460.959649 -1.6829016 -0.1419013 0.2805735 0.0097671 0.4495311 0.4622692 0.7642863
1305031461.027620 -1.6711580 -0.1633393 0.2910786 0.0093546 0.4548835 0.4641192 0.7599914
1305031461.259642 -1.6372430 -0.2100068 0.3327772 0.0095029 0.4607886 0.4501194 0.7648373
1305031461.327751 -1.6272628 -0.2104676 0.3388925 0.0119882 0.4625277 0.4396880 0.7698045
1305031461.391708 -1.6178093 -0.2153631 0.3531477 -0.0001876 0.4672542 0.4371474 0.7684892
1305031461.491677 -1.5960767 -0.2232494 0.3570017 -0.0109720 0.4660226 0.4395820 0.7677696
1305031461.591690 -1.5873547 -0.2157927 0.3446053 -0.0072991 0.4733689 0.4299033 0.7687989
1305031461.759684 -1.5802085 -0.1869895 0.3285880 -0.0111496 0.4840152 0.4417600 0.7552835
1305031461.827615 -1.5787685 -0.1675014 0.3151662 -0.0132105 0.4863868 0.4501643 0.7487359
1305031461.891723 -1.5909681 -0.1382992 0.3139001 -0.0082392 0.4931234 0.4651087 0.7351431
1305031461.959703 -1.5900098 -0.1124056 0.2938874 -0.0136192 0.4866941 0.4789930 0.7304171
1305031462.027675 -1.6048813 -0.0920831 0.3033294 -0.0234311 0.4962341 0.4948002 0.7130045
1305031462.159646 -1.6163449 -0.0630606 0.2978529 -0.0269772 0.4776407 0.5329340 0.6979348
1305031462.227633 -1.6295059 -0.0468603 0.2991955 -0.0337494 0.4778136 0.5318128 0.6983770
1305031462.291629 -1.6388696 -0.0382497 0.3026454 -0.0473631 0.4740130 0.5293057 0.7020712
1305031462.359732 -1.6518325 -0.0256616 0.3069326 -0.0623021 0.4710673 0.5199146 0.7098612
1305031462.459897 -1.6719029 -0.0073084 0.3134370 -0.0857279 0.4514214 0.5121725 0.7256368
1305031462.527670 -1.6860316 0.0014127 0.3171596 -0.1026234 0.4375444 0.5056490 0.7364390
1305031462.627851 -1.7056966 0.0165890 0.3025342 -0.1149248 0.4174435 0.4820443 0.7616866
1305031462.692548 -1.7189393 0.0223317 0.2935008 -0.1167511 0.4138461 0.4636959 0.7746527
1305031462.759782 -1.7333543 0.0333397 0.2796956 -0.1193243 0.3992325 0.4442129 0.7931268
1305031462.827816 -1.7466433 0.0551068 0.2602772 -0.1176544 0.3854434 0.4298737 0.8079600
1305031462.891847 -1.7539129 0.0764117 0.2344981 -0.1191057 0.3756382 0.4212892 0.8168385
1305031462.959676 -1.7576352 0.0918742 0.2121485 -0.1162524 0.3705960 0.4178066 0.8213292
1305031463.027667 -1.7590325 0.1036690 0.1884696 -0.1072004 0.3637715 0.4060594 0.8314411
1305031463.095809 -1.7616212 0.1232424 0.1617781 -0.0998549 0.3511729 0.3883432 0.8461064
1305031463.159787 -1.7631670 0.1345427 0.1359321 -0.0933544 0.3473474 0.3690871 0.8569769
1305031463.260034 -1.7549467 0.1575211 0.1002639 -0.0870770 0.3399283 0.3534412 0.8671480
1305031463.359750 -1.7426910 0.1752264 0.0686550 -0.0802743 0.3291599 0.3422885 0.8763837
1305031463.495629 -1.7120073 0.2177905 0.0221281 -0.0709568 0.3133113 0.3302157 0.8875577
1305031463.627588 -1.6770219 0.2325691 -0.0256418 -0.0695753 0.3115198 0.3285910 0.8888997
1305031463.759674 -1.6313630 0.2400038 -0.0880339 -0.0570969 0.3077804 0.3155692 0.8957831
1305031463.895648 -1.5977983 0.2341524 -0.1498743 -0.0513273 0.3147711 0.2747087 0.9070942
1305031464.059652 -1.5551609 0.2061669 -0.2292123 -0.0506315 0.2992192 0.2399955 0.9221207
1305031464.259644 -1.5509548 0.1732652 -0.3029180 -0.0143330 0.2706558 0.2093640 0.9395248
1305031464.559703 -1.4545195 0.1651693 -0.4308872 0.0027292 0.2033120 0.1446906 0.9683602
1305031464.759740 -1.4147679 0.1183754 -0.5080159 0.0503206 0.2451727 0.0525028 0.9667480
1305031464.927799 -1.3707573 0.1030580 -0.5158367 0.0617843 0.1778246 -0.0375325 0.9814034
1305031465.095700 -1.2997642 0.1476747 -0.4762558 0.0797102 0.1451260 -0.1298753 0.9776079
1305031465.295623 -1.2049021 0.1812052 -0.4195947 0.0044638 0.0759708 -0.1540860 0.9851223
1305031465.495703 -1.0818149 0.2340723 -0.4008007 0.0044605 -0.0168012 -0.0806741 0.9965889
1305031465.727682 -0.9305245 0.2958485 -0.4211657 0.0358881 -0.0802637 -0.0238871 0.9958410
1305031465.927495 -0.7995869 0.3874696 -0.4230042 0.0810933 -0.0945552 0.0096054 0.9921648
1305031466.095840 -0.7269321 0.4780018 -0.4411959 0.1042012 -0.0805985 0.0076393 0.9912556
1305031466.259815 -0.6545328 0.5285270 -0.4777802 0.0716629 -0.1157102 -0.0028442 0.9906904
1305031466.395784 -0.6006737 0.5499548 -0.5160701 0.0691752 -0.0901200 -0.0336683 0.9929550
1305031466.560353 -0.5173751 0.5848429 -0.5469114 0.0694077 -0.1016652 -0.0435703 0.9914376
1305031466.695822 -0.4501762 0.5998252 -0.5562251 0.0626962 -0.0992082 -0.0627265 0.9911066
1305031466.827879 -0.3827285 0.6115860 -0.5636281 0.0637756 -0.1103644 -0.0902154 0.9877316
1305031466.995712 -0.3125513 0.6112220 -0.5709460 0.0651144 -0.1596322 -0.0987650 0.9800628
1305031467.159660 -0.2449677 0.6129534 -0.5760304 0.0677969 -0.1755062 -0.1302489 0.9734662
1305031467.295846 -0.1980550 0.6151602 -0.5796642 0.0749630 -0.1986400 -0.1512825 0.9654202
1305031467.427783 -0.1477299 0.6193054 -0.5874560 0.0675854 -0.2244024 -0.1679603 0.9575307
1305031467.627532 -0.0758741 0.6090326 -0.5885265 0.0586994 -0.2501919 -0.1827474 0.9489794
1305031467.759907 -0.0372985 0.5860161 -0.5709444 0.0771838 -0.2674367 -0.1867394 0.9421511
1305031467.927754 -0.0118995 0.5438977 -0.5218934 0.0970274 -0.2966538 -0.1876620 0.9313244
1305031468.059850 -0.0013345 0.5008819 -0.4686615 0.1077499 -0.3101263 -0.1966387 0.9238750
1305031468.159864 0.0083729 0.4684139 -0.4271078 0.1098077 -0.3209584 -0.2030260 0.9185361
1305031468.295830 0.0253256 0.4057328 -0.3770715 0.1020424 -0.3231099 -0.2062411 0.9179608
1305031468.428025 0.0325990 0.3382537 -0.3490198 0.0935029 -0.3188191 -0.2018096 0.9213493
1305031468.559739 0.0241588 0.2636539 -0.3397242 0.0894273 -0.3140917 -0.2161250 0.9201300
1305031468.727785 -0.0002190 0.1967026 -0.3352873 0.0902283 -0.3301578 -0.2294781 0.9111502
1305031468.859659 -0.0159395 0.1503746 -0.3290734 0.1046536 -0.3386297 -0.2432698 0.9028829
1305031468.995711 -0.0282908 0.1437259 -0.3184380 0.0830753 -0.3182670 -0.2448795 0.9120519
1305031469.159703 -0.0539246 0.0986246 -0.2853993 0.0157257 -0.2955679 -0.2941727 0.9087655
1305031469.327618 -0.0836615 0.0934253 -0.2450157 -0.0082270 -0.2666590 -0.3138483 0.9112214
1305031469.559645 -0.1088741 0.1186072 -0.1767744 -0.0220169 -0.2237021 -0.3425353 0.9122183
1305031469.727679 -0.1232647 0.1585774 -0.1251011 -0.0531707 -0.2084568 -0.3417011 0.9148546
1305031469.859574 -0.1467403 0.2048922 -0.0977415 -0.0785752 -0.2006249 -0.3337034 0.9177241
1305031469.995551 -0.1746665 0.2624366 -0.0823265 -0.0883376 -0.2040617 -0.3218577 0.9203059
1305031470.127633 -0.2068259 0.3160718 -0.0849126 -0.0966651 -0.2026120 -0.3165896 0.9216156
1305031470.259965 -0.2416975 0.3636064 -0.0948031 -0.1114569 -0.2013826 -0.3054568 0.9239690
1305031470.359624 -0.2699167 0.3965805 -0.1041585 -0.1300349 -0.1979437 -0.2959556 0.9253753
1305031470.459721 -0.2979200 0.4271034 -0.1151927 -0.1325606 -0.2001783 -0.2926869 0.9255759
1305031470.559677 -0.3249550 0.4470560 -0.1268805 -0.1343971 -0.2003948 -0.2910181 0.9257904
1305031470.659690 -0.3492379 0.4635613 -0.1349549 -0.1413360 -0.1980250 -0.2798687 0.9287000
1305031470.759682 -0.3745945 0.4741109 -0.1415648 -0.1491590 -0.1926696 -0.2724193 0.9308156
1305031470.859645 -0.3968188 0.4860603 -0.1467333 -0.1426353 -0.1865017 -0.2583121 0.9370950
1305031470.959647 -0.4276701 0.4796766 -0.1579377 -0.1393261 -0.1875452 -0.2491289 0.9398669
1305031471.759702 -0.5203378 0.4770925 -0.2199616 -0.0885659 -0.1215585 -0.1431304 0.9782093
1305031471.895604 -0.5247808 0.4911497 -0.2257772 -0.0927509 -0.1000384 -0.1147128 0.9839871
1305031472.027638 -0.5341903 0.5001217 -0.2275030 -0.1062161 -0.0721756 -0.1041851 0.9862324
1305031472.227626 -0.5550879 0.5081075 -0.2274521 -0.1117754 -0.0525476 -0.0849116 0.9887037
1305031472.327678 -0.5613692 0.5049974 -0.2302696 -0.0999709 -0.0469507 -0.0796240 0.9906874
1305031472.463603 -0.5641064 0.4993166 -0.2308210 -0.0978487 -0.0531896 -0.0775393 0.9907493
1305031472.595675 -0.5633739 0.4880888 -0.2319351 -0.0915128 -0.0519684 -0.0726498 0.9917897
1305031472.795640 -0.5568453 0.4696597 -0.2262550 -0.0872769 -0.0563930 -0.0709593 0.9920521
1305031472.963756 -0.5557722 0.4652466 -0.2219270 -0.0823728 -0.0582353 -0.0641328 0.9928295
1305031473.196069 -0.5570136 0.4612118 -0.2185037 -0.0826726 -0.0599451 -0.0683178 0.9924235
