1305031453.523684 0.0000000 0.0000000 0.0000000 -0.0000000 -0.0000000 -0.0000000 1.0000000
1305031453.691678 0.0021329 0.0170514 -0.0563910 0.0318648 -0.0077769 0.0086615 0.9994244
1305031453.727652 -0.0020705 0.0226907 -0.0674690 0.0357878 -0.0130718 0.0035097 0.9992678
1305031453.759694 -0.0048531 0.0265700 -0.0791309 0.0396271 -0.0232454 -0.0042609 0.9989350
1305031453.791716 -0.0063256 0.0297447 -0.0890530 0.0423455 -0.0339388 -0.0119386 0.9984550
1305031453.859705 -0.0121714 0.0360876 -0.1158386 0.0437899 -0.0568877 -0.0259975 0.9970809
1305031453.891710 -0.0067988 0.0379530 -0.1265058 0.0411156 -0.0785883 -0.0334901 0.9954958
1305031453.959641 -0.0099494 0.0404774 -0.1369267 0.0325726 -0.1187760 -0.0459585 0.9913219
1305031454.027662 -0.0084292 0.0419193 -0.1450312 0.0323317 -0.1507755 -0.0653154 0.9858779
1305031454.059654 -0.0071694 0.0441237 -0.1547145 0.0326431 -0.1661375 -0.0759816 0.9826289
1305031454.091651 -0.0071682 0.0443154 -0.1548433 0.0328234 -0.1822510 -0.0872542 0.9788228
1305031454.127701 -0.0060313 0.0441514 -0.1569596 0.0360652 -0.2018590 -0.0980956 0.9738221
1305031454.227671 -0.0017024 0.0426434 -0.1585619 0.0351159 -0.2647698 -0.1371355 0.9538646
1305031454.327699 -0.0486967 0.0422705 -0.1804655 0.0373832 -0.2808301 -0.1848192 0.9410520
1305031454.359636 -0.0584548 0.0502064 -0.1807435 0.0467797 -0.2909211 -0.1982534 0.9348113
1305031454.491617 -0.0735877 0.0604990 -0.1889024 0.0563326 -0.3272581 -0.2541746 0.9083635
1305031454.559575 -0.0787616 0.0751981 -0.1937799 0.0569800 -0.3386238 -0.2812782 0.8960859
1305031454.659528 -0.0814375 0.0953955 -0.2025484 0.0525775 -0.3712790 -0.3176794 0.8709003
1305031454.691884 -0.0813332 0.0998290 -0.2057520 0.0458011 -0.3840151 -0.3240664 0.8633745
1305031454.727659 -0.0763252 0.1016867 -0.2004137 0.0406425 -0.3993755 -0.3270936 0.8554865
1305031454.827570 -0.0590874 0.1131583 -0.1941213 0.0218154 -0.4113349 -0.3084261 0.8574387
1305031455.227581 -0.0763859 0.2014772 -0.2396758 0.0005615 -0.3575884 -0.2583314 0.8974381
1305031455.427642 -0.1191531 0.2415729 -0.2741992 -0.0426861 -0.3212735 -0.2136781 0.9215763
1305031455.527610 -0.1520234 0.2466905 -0.3010607 -0.0605361 -0.3039516 -0.1854796 0.9324946
1305031455.559669 -0.1654570 0.2501151 -0.3124212 -0.0635237 -0.3014217 -0.1725439 0.9355952
1305031455.627617 -0.1861233 0.2501884 -0.3296274 -0.0749354 -0.2981834 -0.1474826 0.9400640
1305031455.659615 -0.1998257 0.2477942 -0.3410477 -0.0738405 -0.2939829 -0.1422032 0.9422844
1305031455.859526 -0.2654015 0.2400343 -0.4108089 -0.0594298 -0.2662272 -0.1529648 0.9498383
1305031456.091707 -0.3252940 0.2229555 -0.4684453 -0.0777590 -0.2290849 -0.1799003 0.9534724
1305031456.159731 -0.3435116 0.2105692 -0.4752680 -0.0817617 -0.2181572 -0.1833313 0.9550456
1305031456.291675 -0.3791473 0.1994040 -0.4852099 -0.0712019 -0.1758423 -0.1724900 0.9665697
1305031456.359846 -0.3924885 0.2016832 -0.4864768 -0.0607133 -0.1543903 -0.1599180 0.9730898
1305031456.427662 -0.4209239 0.2000475 -0.4808580 -0.0531715 -0.1276583 -0.1505399 0.9788840
1305031456.959667 -0.5928193 0.2667746 -0.4012264 -0.1019675 -0.0804784 -0.0477291 0.9903776
1305031457.027648 -0.6166849 0.2683200 -0.3938161 -0.1121691 -0.0675275 -0.0442638 0.9904034
1305031457.191735 -0.6636423 0.2731362 -0.4030693 -0.1254994 -0.0308487 -0.0200229 0.9914118
1305031457.459614 -0.7562496 0.2544839 -0.4574663 -0.1100339 0.0444134 0.0262785 0.9925873
1305031457.559685 -0.7873303 0.2383706 -0.4811070 -0.1035218 0.0561921 0.0361883 0.9923790
1305031457.627526 -0.8111682 0.2297709 -0.4938111 -0.1010153 0.0642984 0.0426948 0.9918865
1305031457.759556 -0.8546922 0.2073246 -0.5148475 -0.1031959 0.0726183 0.0465813 0.9909124
1305031457.827699 -0.8736818 0.1964583 -0.5267115 -0.0853939 0.0848165 0.0462078 0.9916546
1305031457.891593 -0.8994491 0.1692153 -0.5281148 -0.0816897 0.1024966 0.0454770 0.9903298
1305031457.959632 -0.9296044 0.1726371 -0.5349407 -0.0575053 0.1113589 0.0537577 0.9906576
1305031458.027845 -0.9484583 0.1536052 -0.5299863 -0.0469320 0.1159352 0.0554295 0.9905978
1305031458.091690 -0.9712763 0.1644000 -0.5289235 -0.0333516 0.1256995 0.0606901 0.9896485
1305031458.259934 -1.0473614 0.1306669 -0.4781083 -0.0495896 0.1385152 0.0645577 0.9870090
1305031458.327628 -1.0768020 0.1332119 -0.4567907 -0.0367246 0.1319926 0.0666028 0.9883286
1305031458.427598 -1.1005194 0.1228636 -0.4225512 -0.0123370 0.1253070 0.0805728 0.9887639
1305031458.491696 -1.1038719 0.1008780 -0.4016930 0.0130267 0.1379305 0.0868008 0.9865450
1305031458.559628 -1.1173621 0.1368490 -0.3715926 0.0508056 0.1572182 0.0837701 0.9826921
1305031458.627659 -1.1387327 0.1704832 -0.3356920 0.0727247 0.1672305 0.0711459 0.9806545
1305031458.759945 -1.1600516 0.1768389 -0.2731079 0.0625065 0.1235162 0.0457609 0.9893142
1305031458.827564 -1.1457989 0.1886170 -0.2550153 0.0560399 0.0918835 0.0354370 0.9935598
1305031458.891665 -1.1413304 0.1828372 -0.2418631 0.0613517 0.0857236 0.0258936 0.9940910
1305031458.959617 -1.1544387 0.1841715 -0.2292548 0.0535107 0.1012191 0.0446695 0.9924192
1305031459.027665 -1.1878835 0.1610762 -0.2096378 0.0606923 0.1107374 0.0475649 0.9908538
1305031459.091650 -1.2388859 0.1397497 -0.1997320 0.0738951 0.0992653 0.0685389 0.9899436
1305031459.159639 -1.2718308 0.1332444 -0.1869324 0.0918166 0.0547584 0.0762983 0.9913374
1305031459.227607 -1.2774132 0.1452602 -0.1665664 0.1024932 0.0201800 0.0924742 0.9902204
1305031459.291690 -1.2741487 0.1561477 -0.1483058 0.1017415 0.0238344 0.1148187 0.9878752
1305031459.359651 -1.2909514 0.1572322 -0.1447167 0.1032336 0.0703693 0.1538169 0.9801691
1305031459.491555 -1.3433864 0.2126618 -0.0991938 0.1064565 0.2045643 0.2709584 0.9345598
1305031459.627608 -1.3858382 0.2019066 -0.0924160 0.0790210 0.2511357 0.3617899 0.8943124
1305031459.691604 -1.4086374 0.2029266 -0.0808262 0.0763714 0.2715976 0.3658057 0.8868982
1305031459.791650 -1.4477638 0.1670290 -0.0694385 0.0668325 0.2950275 0.3630188 0.8813112
1305031459.859660 -1.4751263 0.1475118 -0.0574432 0.0608970 0.2976830 0.3597403 0.8821923
1305031459.927607 -1.4890287 0.1253832 -0.0469645 0.0533893 0.2912021 0.3663797 0.8821093
1305031459.991725 -1.5050000 0.1075227 -0.0334645 0.0490117 0.2905722 0.3733083 0.8796628
1305031460.059659 -1.5169467 0.0818034 -0.0225896 0.0460797 0.2924530 0.3797486 0.8764354
1305031460.191559 -1.5333650 0.0404786 -0.0000755 0.0578038 0.2665305 0.4124845 0.8691817
1305031460.259667 -1.5262017 0.0282781 0.0088832 0.0597808 0.2707241 0.4164038 0.8658768
1305031460.327512 -1.5268304 0.0107087 0.0186717 0.0596143 0.2884631 0.4174950 0.8596122
1305031460.627625 -1.5302067 -0.0613532 0.0664508 0.0231885 0.3873895 0.4517295 0.8033257
1305031460.727675 -1.5376630 -0.0846447 0.0901670 0.0129023 0.4061575 0.4504997 0.7949337
1305031460.791660 -1.5394918 -0.1026492 0.1067541 0.0057603 0.4178479 0.4475219 0.7906290
1305031460.959649 -1.5276084 -0.1416574 0.1447182 -0.0254877 0.4315575 0.4429887 0.7854104
1305031461.127586 -1.5064744 -0.1797985 0.1757808 -0.0277757 0.4367644 0.4430041 0.7824402
1305031461.192013 -1.4981536 -0.1913869 0.1882266 -0.0252165 0.4397926 0.4358847 0.7848255
1305031461.291656 -1.4864047 -0.2034553 0.2028462 -0.0238907 0.4421162 0.4245620 0.7897529
1305031461.459781 -1.4677513 -0.2048073 0.2249681 -0.0375811 0.4488859 0.4163448 0.7897760
1305031461.627541 -1.4440418 -0.2030695 0.2123607 -0.0429607 0.4591137 0.4084768 0.7877283
1305031461.691563 -1.4420207 -0.1937375 0.2078848 -0.0442336 0.4651932 0.4125855 0.7819283
1305031461.759684 -1.4374129 -0.1827049 0.1983117 -0.0454442 0.4656041 0.4209230 0.7771560
1305031461.827615 -1.4353909 -0.1639439 0.1861311 -0.0467310 0.4689690 0.4285987 0.7708356
1305031461.891723 -1.4465053 -0.1366764 0.1824675 -0.0412048 0.4767430 0.4433392 0.7579371
1305031461.959703 -1.4426188 -0.1129516 0.1612206 -0.0466367 0.4696236 0.4583085 0.7531481
1305031462.159646 -1.4666117 -0.0676602 0.1586474 -0.0614114 0.4628273 0.5127189 0.7205129
1305031462.227633 -1.4779291 -0.0531875 0.1589005 -0.0686513 0.4633912 0.5116550 0.7202533
1305031462.327540 -1.4928830 -0.0358530 0.1596569 -0.0882980 0.4557985 0.5033088 0.7287877
1305031462.391695 -1.5069532 -0.0287547 0.1669601 -0.1075104 0.4522958 0.4944715 0.7344167
1305031462.459897 -1.5213032 -0.0171121 0.1703465 -0.1234637 0.4389143 0.4866771 0.7451552
1305031462.559862 -1.5373093 -0.0033304 0.1638333 -0.1440680 0.4105911 0.4769561 0.7636573
1305031462.627851 -1.5472507 0.0050889 0.1539746 -0.1513696 0.4003983 0.4603059 0.7777448
1305031462.727652 -1.5655968 0.0138263 0.1386616 -0.1539738 0.3891762 0.4320879 0.7988329
1305031462.791943 -1.5767937 0.0296443 0.1195612 -0.1535047 0.3725673 0.4139761 0.8162436
1305031462.859782 -1.5842162 0.0496530 0.0968879 -0.1542704 0.3575489 0.4043158 0.8275797
1305031462.927607 -1.5861893 0.0666503 0.0720389 -0.1527715 0.3518280 0.3987096 0.8330117
1305031462.995550 -1.5868247 0.0772168 0.0507411 -0.1474221 0.3448177 0.3924096 0.8398703
1305031463.095809 -1.5881863 0.0980891 0.0127163 -0.1342747 0.3279007 0.3688025 0.8593231
1305031463.159787 -1.5870172 0.1080696 -0.0117670 -0.1272247 0.3226906 0.3493232 0.8704355
1305031463.260034 -1.5763539 0.1265586 -0.0457311 -0.1212865 0.3142409 0.3342155 0.8802513
1305031463.359750 -1.5621799 0.1424660 -0.0750023 -0.1133172 0.3026091 0.3240713 0.8891371
1305031463.459756 -1.5420370 0.1684846 -0.1059212 -0.1056248 0.2895925 0.3131063 0.8983006
1305031463.595600 -1.5089775 0.1876775 -0.1481341 -0.1033290 0.2902516 0.3117500 0.8988265
1305031463.727588 -1.4632703 0.1927121 -0.2037640 -0.0959921 0.2802688 0.3024260 0.9059655
1305031463.859910 -1.4142283 0.1811431 -0.2621664 -0.0907120 0.2807524 0.2660120 0.9177075
1305031463.995821 -1.3818717 0.1626034 -0.3160149 -0.0829178 0.2729715 0.2392327 0.9281051
1305031464.127681 -1.3568676 0.1374034 -0.3674453 -0.0784875 0.2682776 0.2077993 0.9373827
1305031464.259644 -1.3515460 0.1150916 -0.4120680 -0.0472466 0.2352928 0.1969079 0.9505958
1305031464.395611 -1.2993512 0.1114716 -0.4605381 -0.0320982 0.1779221 0.1755377 0.9677293
1305031464.559703 -1.2514265 0.0992803 -0.5227336 -0.0290115 0.1645599 0.1325372 0.9769914
1305031464.727652 -1.1943678 0.0484897 -0.5835008 0.0103127 0.1985836 0.0663256 0.9777828
1305031464.895817 -1.1742202 0.0509094 -0.5932904 0.0432434 0.1445236 -0.0266041 0.9881979
1305031465.027823 -1.1221554 0.0313114 -0.5732332 0.0494339 0.1168437 -0.1029711 0.9865601
1305031465.159842 -1.0653372 0.0872035 -0.5296813 0.0234239 0.0663138 -0.1587592 0.9848093
1305031465.327674 -0.9949177 0.1209145 -0.4845771 -0.0219939 0.0108357 -0.1475726 0.9887473
1305031465.527622 -0.8808674 0.1572107 -0.4663762 -0.0249119 -0.0766953 -0.0812582 0.9934256
1305031465.727682 -0.7548298 0.2170035 -0.4784277 0.0090260 -0.1272224 -0.0267674 0.9914719
1305031465.927495 -0.6282790 0.3026082 -0.4736626 0.0528216 -0.1413244 0.0096537 0.9885060
1305031466.095840 -0.5589321 0.3871174 -0.4883054 0.0766221 -0.1271739 0.0082337 0.9888822
1305031466.327702 -0.4546552 0.4438465 -0.5361972 0.0476312 -0.1507162 -0.0226096 0.9871701
1305031466.495809 -0.3881364 0.4687521 -0.5703526 0.0464205 -0.1513098 -0.0425278 0.9864795
1305031466.627549 -0.3158963 0.4796283 -0.5727552 0.0277480 -0.1496508 -0.0520864 0.9869760
1305031466.759637 -0.2518580 0.4881312 -0.5751530 0.0328892 -0.1528043 -0.0828299 0.9842299
1305031466.895694 -0.2048430 0.5000262 -0.5816277 0.0398107 -0.1737979 -0.0915184 0.9797111
1305031467.159660 -0.0921254 0.5003607 -0.5816380 0.0454269 -0.2243792 -0.1280574 0.9649827
1305031467.295846 -0.0475782 0.5016941 -0.5823258 0.0533902 -0.2474548 -0.1477036 0.9560854
1305031467.395756 -0.0099481 0.5053972 -0.5858182 0.0480526 -0.2676508 -0.1597645 0.9489622
1305031467.496058 0.0286440 0.5077189 -0.5894630 0.0439568 -0.2876731 -0.1701921 0.9414598
1305031467.595989 0.0622331 0.5025564 -0.5823603 0.0399792 -0.2950216 -0.1796035 0.9376068
1305031467.695886 0.0901597 0.4880017 -0.5694743 0.0483549 -0.3113477 -0.1744679 0.9328908
1305031467.827800 0.1133418 0.4548383 -0.5395427 0.0638256 -0.3240846 -0.1837999 0.9258040
1305031467.927754 0.1216935 0.4347385 -0.5069689 0.0771734 -0.3451417 -0.1802909 0.9178326
1305031468.059850 0.1273470 0.3980694 -0.4527226 0.0887762 -0.3591316 -0.1877574 0.9098849
1305031468.195985 0.1338908 0.3607398 -0.3988746 0.0915265 -0.3710134 -0.1972246 0.9028147
1305031468.295830 0.1411450 0.3138824 -0.3617972 0.0835766 -0.3708627 -0.1972610 0.9036393
1305031468.428025 0.1446391 0.2507825 -0.3314432 0.0750635 -0.3664121 -0.1939666 0.9069093
1305031468.559739 0.1361578 0.1824316 -0.3186057 0.0723447 -0.3625705 -0.2083376 0.9054857
1305031468.695835 0.1142505 0.1265794 -0.3191287 0.0684614 -0.3706837 -0.2213383 0.8993976
1305031468.829247 0.0923430 0.0791482 -0.3138675 0.0845311 -0.3848890 -0.2317632 0.8893822
1305031468.995711 0.0805153 0.0728746 -0.2994420 0.0702025 -0.3655863 -0.2384542 0.8969715
1305031469.195540 0.0471283 0.0261802 -0.2585917 -0.0035942 -0.3350345 -0.2972905 0.8940678
1305031469.327618 0.0235761 0.0276138 -0.2321474 -0.0198291 -0.3160737 -0.3117985 0.8958158
1305031469.495744 -0.0028287 0.0435361 -0.1894153 -0.0218011 -0.2716851 -0.3412803 0.8995775
1305031469.627752 -0.0089084 0.0700172 -0.1507361 -0.0482956 -0.2732226 -0.3430870 0.8973897
1305031469.759599 -0.0296294 0.1011611 -0.1202024 -0.0718406 -0.2534412 -0.3432144 0.9015599
1305031469.895755 -0.0517255 0.1516854 -0.0995963 -0.0943664 -0.2522939 -0.3342240 0.9031817
1305031470.027694 -0.0797543 0.2085443 -0.0945401 -0.1021970 -0.2568462 -0.3234313 0.9049741
1305031470.159626 -0.1109607 0.2590450 -0.1034575 -0.1121856 -0.2537507 -0.3173161 0.9068272
1305031470.295718 -0.1440970 0.3015778 -0.1223910 -0.1304609 -0.2480232 -0.3078787 0.9092168
1305031470.395823 -0.1684607 0.3317800 -0.1344986 -0.1467337 -0.2477493 -0.2990124 0.9097698
1305031470.527689 -0.2023964 0.3624838 -0.1538569 -0.1467611 -0.2505550 -0.2979730 0.9093380
1305031470.627729 -0.2250369 0.3782977 -0.1651471 -0.1542880 -0.2476367 -0.2908788 0.9111865
1305031470.727654 -0.2481762 0.3928443 -0.1732527 -0.1603806 -0.2460999 -0.2822178 0.9132721
1305031470.827831 -0.2683763 0.4041998 -0.1811697 -0.1609299 -0.2352650 -0.2699720 0.9197104
1305031470.927684 -0.2876997 0.4084229 -0.1912315 -0.1522700 -0.2395497 -0.2546698 0.9244312
1305031471.059636 -0.3208402 0.3969046 -0.2089762 -0.1323477 -0.2342520 -0.2435953 0.9318109
1305031471.227569 -0.3427379 0.4008068 -0.2247155 -0.1109978 -0.2286769 -0.2100554 0.9440673
1305031471.659642 -0.3833860 0.3928704 -0.2567622 -0.1088423 -0.1822353 -0.1640547 0.9633430
1305031471.795801 -0.3853589 0.3969583 -0.2660415 -0.1079113 -0.1625060 -0.1412968 0.9705577
1305031472.059668 -0.4012964 0.4151208 -0.2725658 -0.1332133 -0.1136830 -0.1114734 0.9782147
1305031472.195682 -0.4159735 0.4197250 -0.2741145 -0.1403642 -0.0994851 -0.0975917 0.9802431
1305031472.363577 -0.4226548 0.4225779 -0.2791941 -0.1219355 -0.0942178 -0.0873757 0.9841851
1305031472.495626 -0.4229684 0.4147731 -0.2788453 -0.1209176 -0.0998444 -0.0864561 0.9838371
1305031472.627701 -0.4231334 0.4027403 -0.2784460 -0.1159785 -0.1000860 -0.0791102 0.9850246
1305031472.795640 -0.4182147 0.3882541 -0.2723377 -0.1109712 -0.1037185 -0.0788398 0.9852473
1305031473.127744 -0.4192977 0.3815150 -0.2645012 -0.1086163 -0.1054634 -0.0760177 0.9855462
