1305031453.523684 0.0000000 0.0000000 0.0000000 -0.0000000 -0.0000000 -0.0000000 1.0000000
1305031453.691678 0.0012669 0.0176882 -0.0546912 0.0325486 -0.0072975 0.0085438 0.9994070
1305031453.727652 -0.0020841 0.0223409 -0.0659225 0.0359262 -0.0129645 0.0033854 0.9992647
1305031453.759694 -0.0053814 0.0258272 -0.0772163 0.0396484 -0.0228478 -0.0041616 0.9989438
1305031453.827773 -0.0106193 0.0313368 -0.0977653 0.0432809 -0.0419547 -0.0182738 0.9980144
1305031453.891710 -0.0167267 0.0379084 -0.1230604 0.0412190 -0.0739756 -0.0333467 0.9958497
1305031453.927723 -0.0193281 0.0394794 -0.1300112 0.0367818 -0.0943080 -0.0367681 0.9941837
1305031453.959641 -0.0191411 0.0400683 -0.1319887 0.0327647 -0.1146553 -0.0457572 0.9918100
1305031453.991624 -0.0188007 0.0414421 -0.1358863 0.0312097 -0.1301096 -0.0563279 0.9894062
1305031454.027662 -0.0187755 0.0415859 -0.1364868 0.0324242 -0.1471009 -0.0667499 0.9863339
1305031454.091651 -0.0177361 0.0455585 -0.1484968 0.0333486 -0.1781159 -0.0875164 0.9795425
1305031454.191658 -0.0180566 0.0500431 -0.1642502 0.0348135 -0.2340377 -0.1225322 0.9638466
1305031454.227671 -0.0388598 0.0454976 -0.1661524 0.0347465 -0.2459958 -0.1427284 0.9580748
1305031454.259627 -0.0542335 0.0493832 -0.1680541 0.0405034 -0.2548022 -0.1607434 0.9526789
1305031454.327699 -0.0733240 0.0495963 -0.1748602 0.0392418 -0.2697208 -0.1888582 0.9434211
1305031454.391677 -0.0798272 0.0556393 -0.1783739 0.0477683 -0.2907565 -0.2130669 0.9315478
1305031454.459913 -0.0858623 0.0577702 -0.1809230 0.0518605 -0.3150389 -0.2421558 0.9161995
1305031454.559575 -0.0966367 0.0779056 -0.1900224 0.0563494 -0.3297795 -0.2860469 0.8979128
1305031454.659528 -0.0992342 0.0988522 -0.1991383 0.0515921 -0.3618158 -0.3216984 0.8734631
1305031454.691884 -0.0999434 0.1016439 -0.1997863 0.0435560 -0.3755846 -0.3281440 0.8656562
1305031454.727659 -0.0950457 0.1028600 -0.2005602 0.0387183 -0.3887244 -0.3330103 0.8581949
1305031454.891764 -0.0706322 0.1251348 -0.1895591 0.0092381 -0.3943026 -0.3000624 0.8685637
1305031455.227581 -0.0951445 0.2030770 -0.2346290 -0.0011124 -0.3484326 -0.2624806 0.8998319
1305031455.259631 -0.0984283 0.2131299 -0.2387554 -0.0031031 -0.3439778 -0.2566065 0.9032291
1305031455.527610 -0.1713300 0.2496562 -0.2941285 -0.0607825 -0.2943469 -0.1892993 0.9347894
1305031455.559669 -0.1850963 0.2513547 -0.3062777 -0.0645109 -0.2916628 -0.1767436 0.9378342
1305031455.627617 -0.2074431 0.2536454 -0.3234803 -0.0747670 -0.2874018 -0.1512571 0.9428316
1305031456.027770 -0.3197376 0.2402747 -0.4474434 -0.0613828 -0.2345149 -0.1673972 0.9556218
1305031456.091707 -0.3460633 0.2268275 -0.4584040 -0.0780560 -0.2199432 -0.1831815 0.9549748
1305031456.159731 -0.3637671 0.2134853 -0.4647568 -0.0826422 -0.2093814 -0.1862230 0.9563738
1305031456.291675 -0.4011433 0.2004235 -0.4741360 -0.0731100 -0.1664149 -0.1760166 0.9674602
1305031456.359846 -0.4128800 0.2045006 -0.4744497 -0.0612087 -0.1458854 -0.1633635 0.9737984
1305031456.991709 -0.6280861 0.2722303 -0.3804588 -0.1092589 -0.0618714 -0.0514817 0.9907492
1305031457.191735 -0.6847138 0.2789346 -0.3866159 -0.1237951 -0.0200211 -0.0233288 0.9918315
1305031457.259691 -0.7052880 0.2662581 -0.3913885 -0.1305103 -0.0046982 -0.0126698 0.9913549
1305031457.459614 -0.7787208 0.2616759 -0.4390817 -0.1074458 0.0553314 0.0225399 0.9924141
1305031457.659632 -0.8481232 0.2410044 -0.4833435 -0.0925791 0.0789763 0.0433541 0.9916210
1305031457.791567 -0.8858579 0.1996863 -0.4977155 -0.0964710 0.0872514 0.0425563 0.9905905
1305031457.927633 -0.9409493 0.1829475 -0.5105375 -0.0609432 0.1198050 0.0458166 0.9898654
1305031457.991644 -0.9635901 0.1733136 -0.5104793 -0.0503282 0.1232917 0.0506455 0.9897986
1305031458.059689 -0.9839645 0.1726040 -0.5107252 -0.0307024 0.1311129 0.0543407 0.9894007
1305031458.127605 -1.0108539 0.1684875 -0.4969637 -0.0317168 0.1425426 0.0562287 0.9876812
1305031458.227611 -1.0570854 0.1678564 -0.4690081 -0.0353524 0.1490183 0.0622057 0.9862425
1305031458.291664 -1.0895286 0.1455184 -0.4446812 -0.0345098 0.1471763 0.0595370 0.9867135
1305031458.359590 -1.1104169 0.1295223 -0.4160439 -0.0293801 0.1395153 0.0638310 0.9877236
1305031458.427598 -1.1223181 0.1354253 -0.3982452 -0.0075670 0.1352966 0.0762917 0.9878346
1305031458.559628 -1.1403061 0.1502254 -0.3471063 0.0561929 0.1678395 0.0775066 0.9811549
1305031458.627659 -1.1591345 0.1808664 -0.3123382 0.0768050 0.1769854 0.0659407 0.9789939
1305031458.691674 -1.1809736 0.1840086 -0.2832880 0.0622829 0.1636155 0.0572313 0.9828913
1305031458.759945 -1.1785295 0.1893868 -0.2480690 0.0667714 0.1328529 0.0399741 0.9880758
1305031458.891665 -1.1598245 0.1951128 -0.2176244 0.0653567 0.0959677 0.0199562 0.9930360
1305031458.959617 -1.1706877 0.1981697 -0.2033129 0.0588769 0.1107443 0.0387088 0.9913480
1305031459.027665 -1.2060424 0.1726840 -0.1853936 0.0645572 0.1209739 0.0419850 0.9896641
1305031459.091650 -1.2515639 0.1542105 -0.1738391 0.0791361 0.1072481 0.0632149 0.9890597
1305031459.159639 -1.2916611 0.1460878 -0.1574873 0.0961241 0.0657970 0.0697760 0.9907382
1305031459.227607 -1.2944974 0.1562113 -0.1381593 0.1061503 0.0301939 0.0862779 0.9901397
1305031459.291690 -1.2886649 0.1694825 -0.1213129 0.1064730 0.0321362 0.1072797 0.9879888
1305031459.359651 -1.3071691 0.1727365 -0.1149094 0.1093737 0.0798206 0.1449673 0.9801279
1305031459.427646 -1.3223946 0.2011410 -0.1030548 0.1043706 0.1404472 0.2050127 0.9629908
1305031459.491555 -1.3375958 0.2133273 -0.0795946 0.1047973 0.2003690 0.2822331 0.9323167
1305031459.559647 -1.3671193 0.2143037 -0.0773996 0.0878308 0.2421554 0.3324100 0.9072762
1305031459.627608 -1.3953434 0.2120103 -0.0678907 0.0838447 0.2557398 0.3581901 0.8940174
1305031459.691604 -1.4188559 0.2130579 -0.0558408 0.0810809 0.2768780 0.3612588 0.8867111
1305031459.791650 -1.4575142 0.1787099 -0.0436283 0.0721398 0.2997127 0.3586137 0.8811154
1305031459.859660 -1.4847565 0.1606149 -0.0304026 0.0667642 0.3024805 0.3551545 0.8819940
1305031459.927607 -1.4980023 0.1381787 -0.0209205 0.0590667 0.2952678 0.3624794 0.8820072
1305031460.059659 -1.5270499 0.0941105 0.0031941 0.0517882 0.2968773 0.3758799 0.8762969
1305031460.191559 -1.5439264 0.0550338 0.0264326 0.0647646 0.2706255 0.4078150 0.8696289
1305031460.327512 -1.5381246 0.0231713 0.0434906 0.0660414 0.2924417 0.4135741 0.8596935
1305031460.391611 -1.5383846 0.0084922 0.0540413 0.0609216 0.3121221 0.4191135 0.8504189
1305031460.459620 -1.5374429 -0.0050610 0.0625037 0.0578834 0.3347917 0.4275211 0.8377290
1305031460.527570 -1.5427563 -0.0217763 0.0764318 0.0451261 0.3633529 0.4420048 0.8188834
1305031460.627625 -1.5407145 -0.0483727 0.0909214 0.0303166 0.3905841 0.4485386 0.8033293
1305031460.691671 -1.5484289 -0.0656794 0.1083787 0.0250440 0.4070841 0.4475957 0.7958099
1305031460.791660 -1.5493510 -0.0903187 0.1306421 0.0127286 0.4207961 0.4448930 0.7904675
1305031460.959649 -1.5371909 -0.1311065 0.1685795 -0.0191977 0.4348143 0.4410563 0.7848805
1305031461.059662 -1.5278502 -0.1557440 0.1887096 -0.0152415 0.4429698 0.4412438 0.7802880
1305031461.192013 -1.5093446 -0.1797211 0.2116195 -0.0173422 0.4433323 0.4334202 0.7844123
1305031461.391708 -1.4839401 -0.1954874 0.2420911 -0.0273752 0.4512689 0.4145770 0.7897676
1305031461.491677 -1.4626081 -0.2039516 0.2448167 -0.0385362 0.4488780 0.4179113 0.7889066
1305031461.559677 -1.4582564 -0.1977187 0.2400759 -0.0327117 0.4508865 0.4113742 0.7914559
1305031461.627541 -1.4541190 -0.1921355 0.2345876 -0.0350508 0.4624670 0.4063958 0.7872346
1305031461.691563 -1.4516226 -0.1829905 0.2296095 -0.0367856 0.4682550 0.4105955 0.7815340
1305031461.759684 -1.4472367 -0.1711836 0.2214587 -0.0375154 0.4693493 0.4186273 0.7765660
1305031461.859767 -1.4490060 -0.1390283 0.2052278 -0.0352169 0.4767030 0.4323306 0.7645941
1305031461.959703 -1.4509841 -0.1066262 0.1874278 -0.0430470 0.4748703 0.4561133 0.7514025
1305031462.291629 -1.4941823 -0.0355847 0.1844629 -0.0769551 0.4619779 0.5075202 0.7232410
1305031462.359732 -1.5069476 -0.0268139 0.1895596 -0.0943057 0.4608057 0.4968281 0.7293329
1305031462.559862 -1.5445964 0.0081219 0.1886294 -0.1383903 0.4138411 0.4751334 0.7640889
1305031462.627851 -1.5558172 0.0143832 0.1796762 -0.1465368 0.4049613 0.4585208 0.7773622
1305031462.727652 -1.5741587 0.0231456 0.1644362 -0.1496966 0.3936682 0.4302008 0.7984632
1305031462.859782 -1.5917854 0.0595249 0.1228995 -0.1505589 0.3616184 0.4024961 0.8273820
1305031462.927607 -1.5948009 0.0768841 0.0979834 -0.1486435 0.3563612 0.3967595 0.8327628
1305031462.995550 -1.5954561 0.0878414 0.0774304 -0.1429791 0.3498494 0.3905824 0.8394092
1305031463.059810 -1.5993769 0.0994131 0.0518744 -0.1322963 0.3399629 0.3747985 0.8523198
1305031463.127550 -1.5957789 0.1113513 0.0281482 -0.1285733 0.3309286 0.3570994 0.8639648
1305031463.227784 -1.5888294 0.1325879 -0.0073417 -0.1229454 0.3203733 0.3365198 0.8769263
1305031463.327739 -1.5778801 0.1491568 -0.0387962 -0.1151008 0.3127553 0.3237931 0.8854908
1305031463.427716 -1.5600010 0.1708122 -0.0694787 -0.1036041 0.2973064 0.3126852 0.8961602
1305031463.527670 -1.5296671 0.1910956 -0.1032140 -0.1020748 0.2939233 0.3085084 0.8988951
1305031463.627588 -1.5044242 0.1975879 -0.1353630 -0.1009457 0.2900823 0.3084668 0.9002836
1305031463.727588 -1.4738188 0.2079717 -0.1740597 -0.0888414 0.2863703 0.2992114 0.9058542
1305031463.859910 -1.4288788 0.1949887 -0.2330638 -0.0840340 0.2884671 0.2635351 0.9166648
1305031463.995821 -1.3967880 0.1739573 -0.2881643 -0.0783714 0.2804403 0.2361228 0.9270691
1305031464.127681 -1.3731179 0.1501011 -0.3402788 -0.0731960 0.2758057 0.2044572 0.9363604
1305031464.259644 -1.3702571 0.1382434 -0.3751774 -0.0378801 0.2449858 0.1917000 0.9496306
1305031464.459689 -1.3029531 0.1214437 -0.4515951 -0.0237273 0.1824122 0.1531612 0.9709297
1305031464.659749 -1.2323437 0.0756707 -0.5448799 -0.0127921 0.1935813 0.0946140 0.9764276
1305031464.859654 -1.2225952 0.0714492 -0.5610990 0.0522505 0.1772505 -0.0128375 0.9826939
1305031464.995687 -1.1584921 0.0438886 -0.5596219 0.0485265 0.1291140 -0.0877773 0.9865444
1305031465.159842 -1.0863947 0.0989306 -0.5073494 0.0250957 0.0754337 -0.1633438 0.9833609
1305031465.395586 -0.9878433 0.1387821 -0.4494627 -0.0253182 -0.0134103 -0.1271804 0.9914657
1305031465.559812 -0.8793266 0.1715598 -0.4493120 -0.0178198 -0.0788598 -0.0791152 0.9935816
1305031465.759766 -0.7556615 0.2391310 -0.4636291 0.0181952 -0.1238131 -0.0205902 0.9919251
1305031465.959710 -0.6246191 0.3226427 -0.4621627 0.0654749 -0.1284163 0.0057742 0.9895397
1305031466.127640 -0.5642951 0.4067642 -0.4793090 0.0737975 -0.1243558 0.0026190 0.9894861
1305031466.259815 -0.5066497 0.4362935 -0.5047787 0.0455771 -0.1538182 -0.0070144 0.9870226
1305031466.395784 -0.4528221 0.4525408 -0.5399737 0.0441112 -0.1287988 -0.0389390 0.9899237
1305031466.495809 -0.4092406 0.4735155 -0.5584776 0.0479724 -0.1421726 -0.0470868 0.9875568
1305031466.627549 -0.3368746 0.4833938 -0.5636600 0.0289908 -0.1404248 -0.0568210 0.9880343
1305031466.759637 -0.2740181 0.4910273 -0.5646916 0.0335769 -0.1433781 -0.0873192 0.9852363
1305031466.895694 -0.2278038 0.5024987 -0.5752930 0.0401628 -0.1638547 -0.0958550 0.9809946
1305031467.095687 -0.1374351 0.5048091 -0.5742208 0.0425881 -0.2083808 -0.1150241 0.9703263
1305031467.227704 -0.0945380 0.5041696 -0.5741147 0.0488451 -0.2264803 -0.1424793 0.9622996
1305031467.359654 -0.0470267 0.5134919 -0.5769495 0.0562976 -0.2501042 -0.1597234 0.9532927
1305031467.496058 0.0042492 0.5112298 -0.5822280 0.0447856 -0.2782831 -0.1754764 0.9432713
1305031467.627532 0.0450063 0.4956264 -0.5745682 0.0383256 -0.2900308 -0.1833160 0.9385141
1305031467.759907 0.0782847 0.4738657 -0.5552472 0.0568767 -0.3065016 -0.1865297 0.9316804
1305031467.859729 0.0902690 0.4481557 -0.5290759 0.0691715 -0.3186940 -0.1853748 0.9269766
1305031467.995754 0.1046151 0.4249370 -0.4776106 0.0873880 -0.3454835 -0.1872289 0.9153960
1305031468.127816 0.1066663 0.3826530 -0.4237968 0.0890008 -0.3566434 -0.1964018 0.9090164
1305031468.228158 0.1112795 0.3455051 -0.3856387 0.0871399 -0.3612632 -0.2039737 0.9056988
1305031468.359787 0.1213535 0.2802837 -0.3455327 0.0825089 -0.3575416 -0.1976038 0.9090154
1305031468.495809 0.1232673 0.2240635 -0.3192275 0.0687110 -0.3562085 -0.1980791 0.9105817
1305031468.627626 0.1069887 0.1649823 -0.3158979 0.0691914 -0.3535105 -0.2207716 0.9063680
1305031468.759628 0.0820716 0.1091485 -0.3142417 0.0724255 -0.3715016 -0.2265953 0.8974384
1305031468.928141 0.0614490 0.0629981 -0.3027736 0.0809332 -0.3658105 -0.2395342 0.8956874
1305031469.159703 0.0327802 0.0335229 -0.2674186 0.0015659 -0.3341977 -0.2941048 0.8954394
1305031469.359592 0.0026137 0.0227510 -0.2188520 -0.0301094 -0.3032208 -0.3223732 0.8962288
1305031469.559645 -0.0270576 0.0580941 -0.1682426 -0.0336700 -0.2634453 -0.3465240 0.8996577
1305031469.695613 -0.0412365 0.0847793 -0.1314921 -0.0623369 -0.2523814 -0.3492008 0.9002647
1305031469.827526 -0.0584219 0.1289784 -0.1053998 -0.0845328 -0.2405012 -0.3408853 0.9048815
1305031469.959805 -0.0825133 0.1844791 -0.0907490 -0.0994526 -0.2440196 -0.3296944 0.9065678
1305031470.095944 -0.1117565 0.2353336 -0.0937872 -0.1065468 -0.2444450 -0.3252158 0.9072647
1305031470.227618 -0.1427648 0.2814387 -0.1062262 -0.1208732 -0.2428277 -0.3156354 0.9092848
1305031470.359624 -0.1765388 0.3240137 -0.1225257 -0.1441865 -0.2369437 -0.3044352 0.9112558
1305031470.459721 -0.2022741 0.3518091 -0.1364559 -0.1473981 -0.2386013 -0.3024306 0.9109769
1305031470.595760 -0.2343228 0.3765006 -0.1541146 -0.1507585 -0.2374317 -0.2971964 0.9124540
1305031470.695630 -0.2557021 0.3925475 -0.1631364 -0.1592914 -0.2356456 -0.2861695 0.9149888
1305031470.795615 -0.2770612 0.4028381 -0.1701986 -0.1643882 -0.2255193 -0.2787945 0.9189077
1305031470.895722 -0.2982581 0.4085113 -0.1789414 -0.1572453 -0.2253617 -0.2638042 0.9246044
1305031471.027644 -0.3289037 0.4004474 -0.1941879 -0.1415599 -0.2275375 -0.2518157 0.9299335
1305031471.296068 -0.3706602 0.3974518 -0.2173956 -0.1171942 -0.2126416 -0.2071227 0.9477074
1305031471.459647 -0.3883930 0.4003937 -0.2304361 -0.1051707 -0.1894681 -0.1844944 0.9586464
1305031471.895604 -0.4050909 0.4095039 -0.2584712 -0.1156008 -0.1378913 -0.1257410 0.9756083
1305031472.027638 -0.4142832 0.4193720 -0.2612466 -0.1279813 -0.1088626 -0.1162883 0.9789008
1305031472.159645 -0.4301283 0.4237581 -0.2617061 -0.1413813 -0.0902998 -0.1054661 0.9801705
1305031472.295671 -0.4389298 0.4203781 -0.2642643 -0.1307895 -0.0841855 -0.0944332 0.9833053
1305031472.427686 -0.4435125 0.4187002 -0.2670215 -0.1240397 -0.0870136 -0.0887099 0.9844661
1305031472.563587 -0.4441137 0.4068430 -0.2656853 -0.1208927 -0.0855400 -0.0877191 0.9850752
1305031472.827627 -0.4364804 0.3881550 -0.2597098 -0.1089784 -0.0917073 -0.0823031 0.9863771
1305031473.063684 -0.4357491 0.3858591 -0.2532056 -0.1082051 -0.0972210 -0.0758392 0.9864523
1305031473.196069 -0.4373987 0.3842584 -0.2528095 -0.1051284 -0.0958537 -0.0800189 0.9865886
