1305031453.523684 0.0000000 0.0000000 0.0000000 -0.0000000 -0.0000000 -0.0000000 1.0000000
1305031453.691678 0.0016445 0.0272388 -0.0641676 0.0358039 -0.0067005 0.0102848 0.9992834
1305031453.727652 -0.0043790 0.0343535 -0.0765393 0.0400579 -0.0113045 0.0056625 0.9991174
1305031453.759694 -0.0114708 0.0394786 -0.0884286 0.0441682 -0.0195540 -0.0018980 0.9988309
1305031453.827773 -0.0201088 0.0513752 -0.1106454 0.0504224 -0.0373396 -0.0157286 0.9979058
1305031453.927723 -0.0519419 0.0738213 -0.1315859 0.0500058 -0.0810607 -0.0337428 0.9948819
1305031453.959641 -0.0517853 0.0754732 -0.1403373 0.0460884 -0.1003108 -0.0423994 0.9929833
1305031453.991624 -0.0598994 0.0749827 -0.1472689 0.0431490 -0.1118456 -0.0537753 0.9913309
1305031454.027662 -0.0705188 0.0785754 -0.1491086 0.0455596 -0.1236736 -0.0642133 0.9891946
1305031454.059654 -0.0767436 0.0822210 -0.1562328 0.0460989 -0.1357360 -0.0753570 0.9867988
1305031454.127701 -0.1011896 0.0853577 -0.1623081 0.0487729 -0.1590205 -0.1024657 0.9807316
1305031454.191658 -0.1262352 0.0972794 -0.1716822 0.0483557 -0.1868799 -0.1290428 0.9726693
1305031454.227671 -0.1361221 0.0898990 -0.1722895 0.0466611 -0.2034573 -0.1470027 0.9668599
1305031454.359636 -0.1597426 0.1029315 -0.1785361 0.0597894 -0.2468550 -0.2038348 0.9454836
1305031454.391677 -0.1643301 0.1095974 -0.1805226 0.0624601 -0.2546190 -0.2147656 0.9408208
1305031454.491617 -0.1765512 0.1203330 -0.1864992 0.0693715 -0.2819202 -0.2602960 0.9208446
1305031454.559575 -0.1826847 0.1352559 -0.1918269 0.0688149 -0.2927609 -0.2882932 0.9090889
1305031454.627580 -0.1866882 0.1479205 -0.1966459 0.0668350 -0.3150462 -0.3182443 0.8916274
1305031454.691884 -0.1841395 0.1593175 -0.2025104 0.0539670 -0.3401634 -0.3315307 0.8783301
1305031454.791641 -0.1672175 0.1673677 -0.1935341 0.0354349 -0.3657963 -0.3226233 0.8722681
1305031454.927567 -0.1479929 0.1930812 -0.1923038 0.0180400 -0.3542270 -0.2957043 0.8869932
1305031455.059636 -0.1540921 0.2270399 -0.2079832 0.0122622 -0.3377980 -0.2799778 0.8985291
1305031455.259631 -0.1863256 0.2824887 -0.2381147 0.0120245 -0.3089029 -0.2573003 0.9155496
1305031455.327766 -0.2060159 0.2966186 -0.2499921 -0.0031785 -0.2972903 -0.2378188 0.9246895
1305031455.391665 -0.2194633 0.3076165 -0.2556554 -0.0213256 -0.2872130 -0.2257081 0.9306502
1305031455.859526 -0.3976905 0.3183720 -0.3963966 -0.0416205 -0.2228740 -0.1528931 0.9618828
1305031455.991694 -0.4346917 0.3107786 -0.4340605 -0.0427692 -0.2050649 -0.1595556 0.9647079
1305031456.059713 -0.4548422 0.3104407 -0.4482959 -0.0542338 -0.1903578 -0.1728007 0.9648640
1305031456.191658 -0.4975543 0.2813200 -0.4635497 -0.0617758 -0.1645912 -0.1796227 0.9678994
1305031456.327718 -0.5372521 0.2708295 -0.4673261 -0.0516667 -0.1193747 -0.1638199 0.9778770
1305031456.391619 -0.5577253 0.2700946 -0.4621535 -0.0454279 -0.0937927 -0.1550943 0.9823874
1305031456.459610 -0.5842248 0.2895852 -0.4586969 -0.0317251 -0.0744495 -0.1407436 0.9867330
1305031456.959667 -0.7453822 0.3447593 -0.3558888 -0.0781100 -0.0373325 -0.0417531 0.9953701
1305031457.027648 -0.7695531 0.3442360 -0.3452581 -0.0893470 -0.0247091 -0.0376732 0.9949811
1305031457.091655 -0.7883781 0.3520163 -0.3434551 -0.0999380 -0.0122649 -0.0277875 0.9945300
1305031457.191735 -0.8202013 0.3506033 -0.3501592 -0.1008963 0.0114002 -0.0115048 0.9947651
1305031457.391684 -0.8908650 0.3336935 -0.3843225 -0.0892445 0.0705243 0.0240018 0.9932199
1305031457.659632 -0.9981531 0.3111959 -0.4437731 -0.0688796 0.1084337 0.0565231 0.9901025
1305031457.727669 -1.0208740 0.2917578 -0.4497347 -0.0790155 0.1110258 0.0577891 0.9889845
1305031457.791567 -1.0405508 0.2673203 -0.4569046 -0.0730336 0.1176328 0.0550347 0.9888377
1305031457.859623 -1.0638216 0.2652977 -0.4683989 -0.0573820 0.1338450 0.0559313 0.9877573
1305031458.059689 -1.1444864 0.2345615 -0.4648579 -0.0085102 0.1615670 0.0668164 0.9845604
1305031458.159638 -1.1873993 0.2233667 -0.4379180 -0.0084779 0.1773170 0.0704070 0.9815955
1305031458.259934 -1.2340053 0.2011234 -0.3968826 -0.0218164 0.1802025 0.0727202 0.9806951
1305031458.327628 -1.2626925 0.1998390 -0.3746377 -0.0100767 0.1733867 0.0746262 0.9819707
1305031458.391626 -1.2797669 0.1883310 -0.3505911 0.0074834 0.1663351 0.0794077 0.9828383
1305031458.459637 -1.2792782 0.1775565 -0.3284236 0.0249736 0.1680632 0.0959991 0.9807728
1305031458.527737 -1.2953848 0.1970294 -0.2963743 0.0708732 0.1899679 0.0903424 0.9750525
1305031458.627659 -1.3131045 0.2347150 -0.2379560 0.1001319 0.2067867 0.0763597 0.9702485
1305031458.859887 -1.3124057 0.2362870 -0.1459459 0.0791966 0.1281970 0.0370897 0.9878855
1305031458.927621 -1.3133783 0.2501790 -0.1315399 0.0883882 0.1340083 0.0342568 0.9864359
1305031458.991647 -1.3352106 0.2211265 -0.1113025 0.0767155 0.1507851 0.0513575 0.9842464
1305031459.059631 -1.3744491 0.2126999 -0.0894890 0.0958649 0.1482592 0.0575617 0.9826066
1305031459.127618 -1.4200865 0.1922174 -0.0873134 0.1128126 0.1149415 0.0734847 0.9842062
1305031459.191674 -1.4369978 0.1933478 -0.0638340 0.1273448 0.0716406 0.0810925 0.9859386
1305031459.259760 -1.4390563 0.2044159 -0.0400538 0.1330914 0.0530989 0.1006748 0.9845465
1305031459.327632 -1.4463621 0.2034948 -0.0409362 0.1272641 0.0803030 0.1334279 0.9795674
1305031459.391667 -1.4714849 0.2296731 -0.0164730 0.1375979 0.1369546 0.1826407 0.9638219
1305031459.459679 -1.4700910 0.2325480 -0.0115217 0.1246328 0.1972181 0.2605898 0.9368376
1305031459.527594 -1.4985843 0.2720060 0.0220020 0.1276717 0.2420749 0.3158780 0.9084717
1305031459.591695 -1.5410045 0.2529092 0.0331555 0.1169807 0.2763365 0.3572455 0.8844938
1305031459.659641 -1.5592110 0.2527386 0.0419636 0.1149759 0.2846886 0.3666946 0.8782187
1305031459.727551 -1.5845588 0.2352520 0.0503489 0.1020516 0.3062498 0.3766161 0.8683069
1305031459.827664 -1.6269541 0.2011198 0.0672211 0.0989579 0.3219495 0.3678686 0.8667344
1305031459.959650 -1.6660714 0.1557603 0.0932404 0.0864330 0.3161510 0.3763991 0.8665458
1305031460.127690 -1.6956617 0.0845530 0.1187687 0.0845809 0.3045731 0.4053355 0.8577787
1305031460.191559 -1.6987869 0.0732638 0.1335551 0.0935142 0.2891215 0.4187023 0.8557759
1305031460.259667 -1.6898572 0.0577828 0.1389996 0.0948621 0.2923299 0.4242824 0.8517799
1305031460.327512 -1.6911926 0.0380030 0.1489263 0.0943579 0.3104545 0.4250223 0.8450270
1305031460.627625 -1.6893110 -0.0405304 0.1973494 0.0577626 0.4059909 0.4629408 0.7858248
1305031460.691671 -1.6965921 -0.0606863 0.2153231 0.0518638 0.4224072 0.4624312 0.7778430
1305031460.827660 -1.6952467 -0.0933436 0.2452793 0.0352271 0.4373782 0.4585329 0.7727916
1305031460.927562 -1.6875174 -0.1202766 0.2691706 0.0130830 0.4486088 0.4547820 0.7692543
1305031460.991668 -1.6733992 -0.1422082 0.2792268 0.0071149 0.4520236 0.4582533 0.7652633
1305031461.059662 -1.6681317 -0.1585070 0.2949188 0.0118817 0.4572447 0.4579797 0.7622603
1305031461.192013 -1.6449845 -0.1862326 0.3157077 0.0085637 0.4570287 0.4509279 0.7666260
1305031461.327751 -1.6257513 -0.1990202 0.3331949 0.0106168 0.4617192 0.4348331 0.7730607
1305031461.391708 -1.6162775 -0.2036761 0.3469408 -0.0017601 0.4662315 0.4323405 0.7718205
1305031461.491677 -1.5948267 -0.2123673 0.3500484 -0.0126838 0.4647319 0.4350840 0.7710806
1305031461.559677 -1.5892301 -0.2057532 0.3431007 -0.0072522 0.4659672 0.4293688 0.7736048
1305031461.691563 -1.5833380 -0.1888542 0.3322624 -0.0114496 0.4830313 0.4286547 0.7634165
1305031461.791612 -1.5794551 -0.1645519 0.3143851 -0.0133068 0.4824775 0.4411004 0.7566167
1305031461.859767 -1.5825825 -0.1419875 0.3053651 -0.0102340 0.4891066 0.4509614 0.7465279
1305031461.959703 -1.5862756 -0.1049071 0.2886117 -0.0166844 0.4863755 0.4748107 0.7332907
1305031462.059837 -1.6064503 -0.0778905 0.2998416 -0.0262731 0.4926047 0.5018058 0.7105219
1305031462.259765 -1.6291279 -0.0381538 0.2936173 -0.0445186 0.4762994 0.5289222 0.7009981
1305031462.327540 -1.6409552 -0.0208114 0.2941985 -0.0554001 0.4696784 0.5212625 0.7103650
1305031462.391695 -1.6559608 -0.0105726 0.3030990 -0.0725113 0.4662357 0.5129023 0.7171454
1305031462.459897 -1.6705079 0.0026405 0.3065296 -0.0877458 0.4518945 0.5058396 0.7295329
1305031462.591862 -1.6930580 0.0160288 0.3005857 -0.1167574 0.4214558 0.4885590 0.7550184
1305031462.659660 -1.7036638 0.0247698 0.2880023 -0.1217368 0.4133954 0.4711936 0.7695850
1305031462.727652 -1.7209169 0.0334561 0.2812291 -0.1212737 0.4077156 0.4508102 0.7847489
1305031462.791943 -1.7336047 0.0519462 0.2609226 -0.1208282 0.3906076 0.4323896 0.8036577
1305031462.859782 -1.7439251 0.0741321 0.2393050 -0.1221047 0.3767386 0.4218323 0.8156078
1305031462.927607 -1.7490404 0.0921542 0.2149221 -0.1210535 0.3725607 0.4162907 0.8205161
1305031462.995550 -1.7509444 0.1075081 0.1920298 -0.1134937 0.3650596 0.4095010 0.8283475
1305031463.095809 -1.7551843 0.1288799 0.1538170 -0.1027286 0.3501327 0.3854255 0.8475265
1305031463.159787 -1.7556988 0.1411906 0.1276903 -0.0959668 0.3453546 0.3657271 0.8589320
1305031463.260034 -1.7473464 0.1637154 0.0928153 -0.0896511 0.3381080 0.3499393 0.8690156
1305031463.359750 -1.7352371 0.1812631 0.0614583 -0.0825412 0.3275703 0.3391430 0.8779901
1305031463.459756 -1.7162739 0.2125455 0.0282543 -0.0734146 0.3147679 0.3278213 0.8877301
1305031463.595600 -1.6862077 0.2359255 -0.0160849 -0.0709274 0.3171293 0.3252384 0.8880419
1305031463.695640 -1.6564027 0.2486494 -0.0597076 -0.0582319 0.3110898 0.3178985 0.8937409
1305031463.827761 -1.6097766 0.2421511 -0.1251895 -0.0573502 0.3102604 0.2902088 0.9034535
1305031463.959680 -1.5731752 0.2242076 -0.1859462 -0.0552543 0.3069838 0.2602107 0.9137824
1305031464.127681 -1.5439970 0.1959150 -0.2606949 -0.0482608 0.3001975 0.2212095 0.9266168
1305031464.295667 -1.5333153 0.1793876 -0.3172373 -0.0118416 0.2496314 0.2024289 0.9468720
1305031464.527574 -1.4590737 0.1716063 -0.4163703 0.0043236 0.2052398 0.1525404 0.9667416
1305031464.727652 -1.3971928 0.1137252 -0.5045273 0.0358979 0.2390198 0.0728872 0.9676096
1305031464.895817 -1.3767971 0.1243824 -0.5158125 0.0682436 0.1878774 -0.0208983 0.9795960
1305031465.059749 -1.3102860 0.1201177 -0.4867928 0.0792981 0.1557076 -0.1170963 0.9776275
1305031465.195564 -1.2433591 0.1600250 -0.4501774 0.0280629 0.1021330 -0.1611835 0.9812244
1305031465.427697 -1.1182750 0.2028534 -0.4025028 -0.0044434 0.0046518 -0.1069764 0.9942408
1305031465.627688 -0.9913074 0.2583115 -0.4156361 0.0144543 -0.0561195 -0.0525918 0.9969332
1305031465.859861 -0.8334836 0.3551494 -0.4326880 0.0677556 -0.1058244 0.0030134 0.9920692
1305031466.027644 -0.7422609 0.4368761 -0.4398876 0.1044619 -0.0843647 0.0038278 0.9909368
1305031466.195833 -0.6831187 0.5181074 -0.4655791 0.0844606 -0.1039358 0.0081120 0.9909581
1305031466.327702 -0.6149815 0.5409015 -0.5010864 0.0723765 -0.1060377 -0.0251633 0.9914053
1305031466.495809 -0.5441717 0.5672340 -0.5426613 0.0687850 -0.1080921 -0.0434846 0.9908046
1305031466.659688 -0.4528587 0.5830089 -0.5546699 0.0571162 -0.1030642 -0.0582548 0.9913233
1305031466.795604 -0.3875787 0.5977428 -0.5628647 0.0621395 -0.1095949 -0.0894186 0.9879939
1305031466.927756 -0.3355175 0.6052384 -0.5721110 0.0609387 -0.1455457 -0.0963267 0.9827635
1305031467.059700 -0.2684757 0.6055056 -0.5767642 0.0632888 -0.1729856 -0.1080412 0.9769328
1305031467.195663 -0.2220940 0.6078448 -0.5783757 0.0667899 -0.1847799 -0.1355096 0.9710987
1305031467.328008 -0.1718939 0.6110946 -0.5832135 0.0747352 -0.2095700 -0.1573114 0.9621581
1305031467.427783 -0.1340518 0.6127846 -0.5879532 0.0653942 -0.2293957 -0.1693030 0.9562624
1305031467.527663 -0.0929347 0.6148718 -0.5933817 0.0574896 -0.2470284 -0.1836339 0.9497108
1305031467.627532 -0.0621432 0.6017516 -0.5889575 0.0562209 -0.2553719 -0.1834758 0.9476081
1305031467.759907 -0.0240481 0.5785420 -0.5698338 0.0747795 -0.2726002 -0.1877924 0.9406547
1305031467.859729 -0.0087658 0.5515475 -0.5431725 0.0880368 -0.2848315 -0.1880991 0.9358094
1305031467.959826 0.0046311 0.5219558 -0.5074991 0.0990883 -0.3082460 -0.1892295 0.9270157
1305031468.095867 0.0167140 0.4894369 -0.4524037 0.1086324 -0.3203254 -0.1981652 0.9199572
1305031468.228158 0.0265120 0.4346668 -0.3982400 0.1043254 -0.3282807 -0.2073175 0.9156241
1305031468.395860 0.0426424 0.3539573 -0.3530430 0.0982507 -0.3229408 -0.2015575 0.9194730
1305031468.527756 0.0399149 0.2789574 -0.3354943 0.0833605 -0.3198236 -0.2083187 0.9205256
1305031468.659579 0.0169287 0.2180833 -0.3366798 0.0816331 -0.3210742 -0.2264918 0.9159415
1305031468.829247 -0.0096719 0.1508705 -0.3307288 0.0996798 -0.3419926 -0.2406914 0.9028691
1305031468.995711 -0.0249052 0.1318430 -0.3178147 0.0784322 -0.3212624 -0.2467358 0.9109118
1305031469.159703 -0.0434272 0.0958330 -0.2830862 0.0159256 -0.3002141 -0.2947602 0.9070471
1305031469.359592 -0.0745687 0.0810846 -0.2292115 -0.0179272 -0.2682683 -0.3208536 0.9081650
1305031469.527622 -0.1018772 0.1072838 -0.1861861 -0.0165756 -0.2260401 -0.3438708 0.9112541
1305031469.695613 -0.1172709 0.1437011 -0.1332134 -0.0505316 -0.2153169 -0.3453910 0.9120253
1305031469.827526 -0.1338770 0.1880143 -0.1024863 -0.0726369 -0.2041474 -0.3364769 0.9164230
1305031469.959805 -0.1611458 0.2436908 -0.0825247 -0.0885329 -0.2071521 -0.3266790 0.9178948
1305031470.127633 -0.2003868 0.3111455 -0.0827109 -0.0990216 -0.2072809 -0.3184817 0.9196733
1305031470.259965 -0.2351643 0.3589917 -0.0942912 -0.1135958 -0.2053546 -0.3072940 0.9222234
1305031470.359624 -0.2630131 0.3922832 -0.1031454 -0.1321208 -0.2024130 -0.2980792 0.9234294
1305031470.459721 -0.2912400 0.4233713 -0.1147126 -0.1345576 -0.2040662 -0.2941057 0.9239876
1305031470.559677 -0.3187048 0.4432714 -0.1269733 -0.1365516 -0.2039810 -0.2930034 0.9240641
1305031470.659690 -0.3413525 0.4582219 -0.1348266 -0.1446142 -0.2030943 -0.2822904 0.9263647
1305031470.759682 -0.3661458 0.4691159 -0.1417273 -0.1520112 -0.1982127 -0.2747318 0.9285078
1305031470.859645 -0.3879431 0.4821866 -0.1464968 -0.1447928 -0.1923742 -0.2605205 0.9349633
1305031470.959647 -0.4177812 0.4768813 -0.1576087 -0.1404239 -0.1940343 -0.2499734 0.9381605
1305031471.227569 -0.4646224 0.4764085 -0.1841282 -0.0975626 -0.1844585 -0.2071300 0.9558001
1305031471.359615 -0.4797703 0.4732789 -0.1912284 -0.0944808 -0.1695967 -0.1941040 0.9615789
1305031471.895604 -0.5175641 0.4857819 -0.2279884 -0.0971411 -0.1037934 -0.1172858 0.9828706
1305031472.027638 -0.5274265 0.4961057 -0.2295742 -0.1093902 -0.0754435 -0.1071090 0.9853272
1305031472.427686 -0.5587581 0.4969239 -0.2329788 -0.1031035 -0.0538245 -0.0790650 0.9900613
1305031472.563587 -0.5586802 0.4832059 -0.2327482 -0.1008310 -0.0528546 -0.0779983 0.9904321
1305031472.863598 -0.5509031 0.4658840 -0.2268574 -0.0834764 -0.0581080 -0.0717645 0.9922222
1305031473.027638 -0.5499983 0.4635223 -0.2221688 -0.0847684 -0.0629553 -0.0656350 0.9922414
1305031473.196069 -0.5504527 0.4592097 -0.2203267 -0.0842767 -0.0629629 -0.0708079 0.9919271
