1305031453.523684 0.0000000 0.0000000 0.0000000 -0.0000000 -0.0000000 -0.0000000 1.0000000
1305031453.691678 0.0020221 0.0208069 -0.0596732 0.0333612 -0.0072417 0.0089116 0.9993774
1305031453.791716 -0.0036920 0.0324139 -0.0951874 0.0428789 -0.0349208 -0.0110782 0.9984083
1305031453.859705 -0.0155160 0.0397888 -0.1193811 0.0446764 -0.0554850 -0.0254695 0.9971343
1305031453.959641 -0.0167762 0.0437324 -0.1434100 0.0330113 -0.1155517 -0.0454751 0.9917107
1305031453.991624 -0.0171124 0.0445777 -0.1469236 0.0311416 -0.1308054 -0.0561767 0.9893252
1305031454.027662 -0.0154803 0.0454393 -0.1509840 0.0328258 -0.1481319 -0.0665095 0.9861825
1305031454.091651 -0.0180647 0.0463505 -0.1627469 0.0322485 -0.1775085 -0.0873442 0.9797050
1305031454.159672 -0.0384476 0.0563323 -0.1725663 0.0380597 -0.2048449 -0.1139257 0.9713964
1305031454.191658 -0.0474546 0.0600585 -0.1734794 0.0368234 -0.2216466 -0.1269927 0.9661210
1305031454.259627 -0.0702996 0.0584497 -0.1787538 0.0420789 -0.2482427 -0.1622406 0.9540875
1305031454.327699 -0.0825095 0.0594475 -0.1837301 0.0417074 -0.2664324 -0.1884454 0.9443318
1305031454.359636 -0.0887075 0.0639695 -0.1850576 0.0493104 -0.2778963 -0.2020214 0.9378324
1305031454.427465 -0.0989594 0.0735178 -0.1895564 0.0548380 -0.2986784 -0.2274595 0.9252276
1305031454.591635 -0.1143659 0.0984190 -0.2038272 0.0589489 -0.3334980 -0.3030646 0.8907614
1305031454.727659 -0.1077615 0.1179369 -0.2107616 0.0409733 -0.3838818 -0.3312545 0.8609451
1305031454.827570 -0.0901095 0.1316718 -0.2036225 0.0234560 -0.3959955 -0.3118067 0.8633736
1305031454.927567 -0.0791458 0.1501019 -0.2038565 0.0096285 -0.3824641 -0.2922337 0.8764862
1305031455.227581 -0.1088078 0.2225777 -0.2467146 0.0031340 -0.3427848 -0.2608912 0.9024547
1305031455.327766 -0.1298706 0.2472120 -0.2649483 -0.0133948 -0.3262101 -0.2366629 0.9150947
1305031455.459589 -0.1650943 0.2631714 -0.2876944 -0.0465487 -0.3007101 -0.2082117 0.9295453
1305031455.527610 -0.1869747 0.2683339 -0.3057639 -0.0572401 -0.2896848 -0.1868184 0.9369659
1305031455.591645 -0.2108213 0.2779577 -0.3268827 -0.0624343 -0.2867354 -0.1598847 0.9425082
1305031455.791666 -0.2837912 0.2653242 -0.3904821 -0.0596308 -0.2596268 -0.1524578 0.9517325
1305031455.859526 -0.3047479 0.2620972 -0.4143753 -0.0560675 -0.2525796 -0.1537532 0.9536352
1305031455.959716 -0.3291956 0.2576764 -0.4431455 -0.0541851 -0.2410769 -0.1576840 0.9560762
1305031456.027770 -0.3423454 0.2609358 -0.4606284 -0.0570708 -0.2289726 -0.1646181 0.9577136
1305031456.291675 -0.4220018 0.2218264 -0.4870886 -0.0677471 -0.1623932 -0.1726187 0.9691448
1305031456.391619 -0.4518056 0.2165558 -0.4834931 -0.0582883 -0.1260947 -0.1582623 0.9775764
1305031456.491677 -0.4945971 0.2407391 -0.4787427 -0.0507733 -0.1022790 -0.1394476 0.9836237
1305031456.591651 -0.5206851 0.2485504 -0.4617986 -0.0589681 -0.0982288 -0.1218154 0.9859183
1305031456.991709 -0.6533333 0.2897009 -0.3893740 -0.1053572 -0.0587535 -0.0470849 0.9915801
1305031457.091655 -0.6798743 0.2990297 -0.3866966 -0.1177019 -0.0419889 -0.0344196 0.9915637
1305031457.227543 -0.7214977 0.2948562 -0.3984337 -0.1238150 -0.0095618 -0.0129535 0.9921747
1305031457.427641 -0.7937278 0.2814795 -0.4414542 -0.1036044 0.0529677 0.0227444 0.9929467
1305031457.527638 -0.8274239 0.2642615 -0.4638658 -0.1012576 0.0633224 0.0342688 0.9922514
1305031457.627526 -0.8639657 0.2508143 -0.4851486 -0.0957026 0.0772738 0.0442239 0.9914202
1305031457.727669 -0.8990950 0.2371820 -0.5004765 -0.0992664 0.0834840 0.0492796 0.9903273
1305031457.859623 -0.9413539 0.2106545 -0.5200200 -0.0778457 0.1070062 0.0471941 0.9900820
1305031457.991644 -0.9950581 0.1833547 -0.5222073 -0.0482817 0.1249781 0.0561927 0.9893896
1305031458.159638 -1.0601174 0.1721335 -0.4983664 -0.0289518 0.1493157 0.0632412 0.9863403
1305031458.291664 -1.1273783 0.1506223 -0.4531811 -0.0337327 0.1508094 0.0649512 0.9858499
1305031458.391626 -1.1568207 0.1373305 -0.4178178 -0.0152747 0.1393777 0.0728752 0.9874360
1305031458.527737 -1.1780769 0.1518591 -0.3666068 0.0500530 0.1646052 0.0842324 0.9814809
1305031458.627659 -1.1996466 0.1886548 -0.3155141 0.0789409 0.1817231 0.0698423 0.9776846
1305031458.727650 -1.2144029 0.1875428 -0.2661848 0.0610996 0.1517256 0.0558727 0.9849489
1305031458.827564 -1.2043841 0.2077229 -0.2292656 0.0622960 0.1070911 0.0339324 0.9917154
1305031458.927621 -1.2043605 0.2100308 -0.2087537 0.0691056 0.1076842 0.0292168 0.9913501
1305031459.027665 -1.2454449 0.1814879 -0.1798737 0.0680560 0.1258182 0.0453594 0.9886762
1305031459.127618 -1.3016796 0.1659023 -0.1481750 0.0960949 0.0887537 0.0661577 0.9891975
1305031459.191674 -1.3276269 0.1630310 -0.1367353 0.1087728 0.0465246 0.0799627 0.9897525
1305031459.259760 -1.3346971 0.1670690 -0.1313681 0.1095384 0.0296324 0.0986919 0.9886269
1305031459.327632 -1.3328297 0.1717852 -0.1198313 0.1062653 0.0538376 0.1305287 0.9842619
1305031459.427646 -1.3522449 0.2016387 -0.0970965 0.1031777 0.1403031 0.2125070 0.9615145
1305031459.591695 -1.4316418 0.2215925 -0.0622632 0.0915031 0.2584795 0.3502588 0.8956195
1305031459.659641 -1.4508388 0.2187600 -0.0551195 0.0878452 0.2680151 0.3612739 0.8887814
1305031459.759635 -1.4883453 0.1905085 -0.0426147 0.0740205 0.2984314 0.3671001 0.8778936
1305031459.859660 -1.5311592 0.1641851 -0.0222665 0.0697988 0.3063535 0.3590203 0.8788516
1305031459.959650 -1.5557261 0.1302561 -0.0054744 0.0606362 0.2997904 0.3691874 0.8775818
1305031460.059659 -1.5735711 0.0949396 0.0125551 0.0544795 0.3008653 0.3796014 0.8731637
1305031460.159678 -1.5910990 0.0570809 0.0271987 0.0656781 0.2821640 0.4044935 0.8674417
1305031460.259667 -1.5829211 0.0372511 0.0431500 0.0676351 0.2786571 0.4166670 0.8626496
1305031460.327512 -1.5846802 0.0187519 0.0528419 0.0675750 0.2967835 0.4176038 0.8561310
1305031460.459620 -1.5849743 -0.0104208 0.0722897 0.0595855 0.3393018 0.4312019 0.8338997
1305031460.659764 -1.5894047 -0.0624803 0.1086084 0.0303282 0.4032508 0.4511833 0.7955517
1305031460.827660 -1.5937095 -0.1020982 0.1485886 0.0099552 0.4251428 0.4468636 0.7870625
1305031460.991668 -1.5764363 -0.1462958 0.1847154 -0.0164951 0.4405369 0.4453143 0.7793269
1305031461.091728 -1.5690910 -0.1678570 0.2079142 -0.0142268 0.4439889 0.4452741 0.7774332
1305031461.192013 -1.5512992 -0.1882687 0.2230821 -0.0151849 0.4454806 0.4380026 0.7806857
1305031461.327751 -1.5340990 -0.1991503 0.2408242 -0.0125700 0.4494119 0.4214161 0.7875782
1305031461.491677 -1.5048079 -0.2125563 0.2590714 -0.0358698 0.4526607 0.4215884 0.7849044
1305031461.591690 -1.4962368 -0.2054718 0.2474324 -0.0318238 0.4596448 0.4112442 0.7865063
1305031461.691563 -1.4924793 -0.1911219 0.2426676 -0.0349892 0.4713511 0.4145817 0.7776414
1305031461.759684 -1.4883945 -0.1789157 0.2317395 -0.0355517 0.4712265 0.4228286 0.7732384
1305031461.859767 -1.4911940 -0.1455255 0.2171901 -0.0331073 0.4793856 0.4360343 0.7608991
1305031461.959703 -1.4936781 -0.1093945 0.1964247 -0.0388531 0.4759330 0.4601520 0.7484908
1305031462.091777 -1.5120155 -0.0719823 0.1970902 -0.0470223 0.4728280 0.5005925 0.7236226
1305031462.291629 -1.5383601 -0.0389366 0.1973498 -0.0737556 0.4646430 0.5117944 0.7188418
1305031462.427635 -1.5642411 -0.0174334 0.2070464 -0.1084294 0.4521531 0.4950831 0.7339574
1305031462.527670 -1.5847187 -0.0017582 0.2082875 -0.1306119 0.4284447 0.4863992 0.7501943
1305031462.627851 -1.6004633 0.0115659 0.1923296 -0.1437895 0.4065149 0.4639989 0.7738057
1305031462.727652 -1.6199203 0.0224560 0.1783144 -0.1455620 0.3965861 0.4352580 0.7950356
1305031462.827816 -1.6380228 0.0495843 0.1488163 -0.1441224 0.3729532 0.4114667 0.8190420
1305031462.927607 -1.6429963 0.0771778 0.1103379 -0.1442298 0.3595227 0.4019454 0.8296873
1305031463.095809 -1.6455827 0.1091785 0.0495534 -0.1268486 0.3355433 0.3720303 0.8561038
1305031463.195657 -1.6444997 0.1304062 0.0104054 -0.1176002 0.3261863 0.3451301 0.8721570
1305031463.295737 -1.6337659 0.1467591 -0.0230887 -0.1109696 0.3201659 0.3313261 0.8805695
1305031463.395630 -1.6173866 0.1651336 -0.0532237 -0.1003537 0.3048701 0.3227921 0.8903868
1305031463.527670 -1.5787926 0.1930279 -0.0998425 -0.1004001 0.2962879 0.3135505 0.8965598
1305031463.659766 -1.5438994 0.2032554 -0.1451516 -0.0908101 0.2940616 0.3105837 0.8993437
1305031463.859910 -1.4757823 0.1954591 -0.2346269 -0.0842133 0.2913001 0.2686092 0.9142765
1305031464.159817 -1.4127349 0.1422887 -0.3532649 -0.0690275 0.2746387 0.2082857 0.9361762
1305031464.559703 -1.3157687 0.1202430 -0.5014755 -0.0213217 0.1771197 0.1335500 0.9748530
1305031464.796021 -1.2697437 0.0639028 -0.5763415 0.0339870 0.2104172 0.0252532 0.9766943
1305031464.995687 -1.1952060 0.0468675 -0.5739743 0.0496635 0.1320576 -0.0823071 0.9865698
1305031465.227907 -1.0978464 0.1277504 -0.4996296 0.0065165 0.0600463 -0.1701843 0.9835595
1305031465.427697 -0.9968565 0.1535648 -0.4574297 -0.0202570 -0.0265470 -0.1111101 0.9932469
1305031465.727682 -0.8072584 0.2391302 -0.4719486 0.0143376 -0.1130917 -0.0278822 0.9930898
1305031466.027644 -0.6292791 0.3751990 -0.4813138 0.0844866 -0.1141134 0.0042793 0.9898595
1305031466.259815 -0.5325676 0.4592350 -0.5163572 0.0498263 -0.1495445 -0.0048054 0.9874871
1305031466.427819 -0.4680929 0.4838942 -0.5623479 0.0549711 -0.1259667 -0.0400200 0.9897015
1305031466.627549 -0.3618546 0.5089590 -0.5770643 0.0329713 -0.1351749 -0.0540830 0.9887951
1305031466.859665 -0.2595417 0.5262769 -0.5864071 0.0403067 -0.1487567 -0.0930564 0.9836602
1305031467.059700 -0.1686325 0.5293979 -0.5912818 0.0468255 -0.2025554 -0.1074769 0.9722281
1305031467.328008 -0.0766482 0.5339835 -0.5927925 0.0598247 -0.2391478 -0.1555949 0.9565666
1305031467.527663 0.0001809 0.5354522 -0.5983900 0.0428443 -0.2769913 -0.1817639 0.9425508
1305031467.695886 0.0515008 0.5169842 -0.5862758 0.0513959 -0.2962478 -0.1783682 0.9368994
1305031467.859729 0.0795683 0.4732290 -0.5474164 0.0724466 -0.3142709 -0.1851255 0.9282855
1305031468.028107 0.0941713 0.4371845 -0.4809849 0.0881312 -0.3419997 -0.1906896 0.9159184
1305031468.228158 0.1025022 0.3664641 -0.4007209 0.0898645 -0.3572722 -0.2032272 0.9071823
1305031468.395860 0.1127526 0.2932728 -0.3521117 0.0844961 -0.3516395 -0.1969378 0.9112769
1305031468.559739 0.1040927 0.2025930 -0.3339077 0.0745274 -0.3475706 -0.2120387 0.9103186
1305031468.727785 0.0792322 0.1368926 -0.3300992 0.0752891 -0.3632159 -0.2254261 0.9008822
1305031468.959594 0.0498214 0.0767484 -0.3167149 0.0786461 -0.3550564 -0.2375258 0.9007393
1305031469.159703 0.0215835 0.0463637 -0.2827471 0.0040897 -0.3284374 -0.2935681 0.8977361
1305031469.359592 -0.0092272 0.0385795 -0.2335476 -0.0262494 -0.2966049 -0.3214284 0.8988995
1305031469.559645 -0.0362467 0.0734245 -0.1816911 -0.0296560 -0.2577634 -0.3447408 0.9021266
1305031469.727679 -0.0554751 0.1049801 -0.1342812 -0.0662356 -0.2420545 -0.3478452 0.9033417
1305031469.927854 -0.0885589 0.1850257 -0.1014835 -0.0965484 -0.2361368 -0.3312691 0.9083935
1305031470.127633 -0.1328013 0.2618044 -0.1035796 -0.1105194 -0.2387675 -0.3218485 0.9094993
1305031470.295718 -0.1735599 0.3171956 -0.1223729 -0.1320895 -0.2346418 -0.3100259 0.9118002
1305031470.427641 -0.2090477 0.3614265 -0.1383251 -0.1470766 -0.2333572 -0.2997940 0.9132560
1305031470.559677 -0.2430984 0.3883584 -0.1567802 -0.1488535 -0.2344169 -0.2981525 0.9132341
1305031470.727654 -0.2822323 0.4135745 -0.1705747 -0.1606384 -0.2312957 -0.2828399 0.9168965
1305031470.859645 -0.3103056 0.4255853 -0.1814972 -0.1591504 -0.2203550 -0.2664362 0.9247305
1305031470.995996 -0.3406854 0.4250900 -0.1972063 -0.1426522 -0.2252788 -0.2506646 0.9306273
1305031471.195703 -0.3732511 0.4216416 -0.2177582 -0.1099002 -0.2188356 -0.2156438 0.9452675
1305031471.527624 -0.4139784 0.4192410 -0.2410619 -0.1051376 -0.1847301 -0.1731775 0.9616811
1305031471.895604 -0.4257615 0.4309002 -0.2648813 -0.1115071 -0.1346601 -0.1221586 0.9769903
1305031472.059668 -0.4394569 0.4390218 -0.2674213 -0.1291526 -0.1000155 -0.1107813 0.9803286
1305031472.295671 -0.4598674 0.4434582 -0.2701607 -0.1252975 -0.0816272 -0.0903084 0.9846228
1305031472.563587 -0.4649244 0.4292936 -0.2717669 -0.1155433 -0.0829454 -0.0834211 0.9863117
1305031473.095695 -0.4566232 0.4074420 -0.2593645 -0.1020141 -0.0934573 -0.0742873 0.9875932
