1305031453.523684 0.0000000 0.0000000 0.0000000 -0.0000000 -0.0000000 -0.0000000 1.0000000
1305031453.691678 0.0000618 0.0251156 -0.0633333 0.0347024 -0.0060767 0.0098228 0.9993309
1305031453.727652 -0.0046302 0.0306715 -0.0767712 0.0381948 -0.0113453 0.0049803 0.9991935
1305031453.759694 -0.0099654 0.0357612 -0.0888335 0.0423667 -0.0204849 -0.0026118 0.9988887
1305031453.827773 -0.0154083 0.0437417 -0.1130631 0.0467706 -0.0397427 -0.0162333 0.9979827
1305031453.891710 -0.0318968 0.0579374 -0.1331903 0.0477825 -0.0677333 -0.0295682 0.9961199
1305031453.927723 -0.0442656 0.0641330 -0.1384764 0.0453323 -0.0842570 -0.0340599 0.9948295
1305031453.991624 -0.0500054 0.0674534 -0.1470039 0.0396590 -0.1171647 -0.0532282 0.9908917
1305031454.027662 -0.0617250 0.0700381 -0.1509341 0.0417096 -0.1283349 -0.0647306 0.9887368
1305031454.059654 -0.0680150 0.0752135 -0.1560445 0.0429357 -0.1403806 -0.0754448 0.9862849
1305031454.091651 -0.0767323 0.0751218 -0.1582364 0.0424443 -0.1525858 -0.0887599 0.9833808
1305031454.127701 -0.0909121 0.0781316 -0.1613378 0.0458593 -0.1647108 -0.1032307 0.9798524
1305031454.159672 -0.1007859 0.0844387 -0.1687479 0.0470581 -0.1787861 -0.1151296 0.9759950
1305031454.191658 -0.1117474 0.0871730 -0.1716812 0.0444896 -0.1944783 -0.1295969 0.9712896
1305031454.291639 -0.1285639 0.0928289 -0.1748084 0.0502304 -0.2340494 -0.1743681 0.9551407
1305031454.327699 -0.1423501 0.0909640 -0.1772336 0.0501563 -0.2421157 -0.1901876 0.9501016
1305031454.359636 -0.1445319 0.0930733 -0.1793742 0.0566105 -0.2552172 -0.2042876 0.9433589
1305031454.559575 -0.1680130 0.1240118 -0.1914116 0.0655638 -0.3017183 -0.2881939 0.9064280
1305031454.659528 -0.1705796 0.1460687 -0.1991786 0.0590748 -0.3349631 -0.3242874 0.8826934
1305031454.727659 -0.1647086 0.1522145 -0.2011859 0.0473840 -0.3621624 -0.3357960 0.8682362
1305031454.791641 -0.1544423 0.1584982 -0.1973242 0.0335829 -0.3719842 -0.3229288 0.8696073
1305031454.827570 -0.1462023 0.1659001 -0.1946413 0.0297177 -0.3742345 -0.3158052 0.8713969
1305031455.059636 -0.1406025 0.2178462 -0.2107891 0.0099123 -0.3445690 -0.2800049 0.8959750
1305031455.191655 -0.1606851 0.2545853 -0.2317360 0.0110832 -0.3247297 -0.2685610 0.9068092
1305031455.327766 -0.1911382 0.2874575 -0.2546155 -0.0051832 -0.3039447 -0.2386538 0.9222988
1305031455.527610 -0.2525468 0.3114452 -0.2939639 -0.0472993 -0.2676517 -0.1871483 0.9439814
1305031455.659615 -0.3060198 0.3141752 -0.3343328 -0.0585806 -0.2578033 -0.1432022 0.9537290
1305031455.859526 -0.3804983 0.3056953 -0.4033111 -0.0462579 -0.2300524 -0.1541227 0.9597824
1305031455.927955 -0.4000319 0.2996660 -0.4227843 -0.0469991 -0.2221551 -0.1555447 0.9613761
1305031456.091707 -0.4497153 0.2922788 -0.4614196 -0.0640585 -0.1913215 -0.1798220 0.9627859
1305031456.159731 -0.4680696 0.2789077 -0.4672761 -0.0683178 -0.1811638 -0.1826217 0.9639303
1305031456.291675 -0.5077947 0.2653284 -0.4760271 -0.0582719 -0.1381326 -0.1716197 0.9736891
1305031456.359846 -0.5204740 0.2669301 -0.4751844 -0.0475584 -0.1177151 -0.1588702 0.9791025
1305031456.959667 -0.7282744 0.3344579 -0.3684049 -0.0829879 -0.0447623 -0.0435872 0.9945901
1305031457.091655 -0.7722276 0.3412503 -0.3567118 -0.1054407 -0.0191240 -0.0302217 0.9937823
1305031457.359712 -0.8596879 0.3257938 -0.3923372 -0.1010052 0.0506971 0.0134127 0.9935029
1305031457.527638 -0.9287999 0.3076017 -0.4306786 -0.0871686 0.0848022 0.0390014 0.9918110
1305031457.591678 -0.9556726 0.3042569 -0.4473068 -0.0791935 0.0959680 0.0464300 0.9911422
1305031457.659632 -0.9820958 0.2997687 -0.4603125 -0.0747225 0.1019513 0.0533126 0.9905455
1305031457.727669 -1.0049297 0.2806283 -0.4664205 -0.0845173 0.1047420 0.0545183 0.9894007
1305031457.791567 -1.0226558 0.2558333 -0.4747236 -0.0787933 0.1103836 0.0530728 0.9893383
1305031457.859623 -1.0477669 0.2537125 -0.4855382 -0.0630673 0.1274557 0.0524114 0.9884486
1305031457.959632 -1.0974793 0.2361698 -0.4875272 -0.0366171 0.1458896 0.0593071 0.9868425
1305031458.059689 -1.1283673 0.2233518 -0.4828687 -0.0141886 0.1549223 0.0637489 0.9857656
1305031458.159638 -1.1724802 0.2119594 -0.4574851 -0.0143430 0.1706242 0.0673924 0.9829242
1305031458.259934 -1.2209610 0.1866729 -0.4171463 -0.0292513 0.1739436 0.0695928 0.9818578
1305031458.359590 -1.2604014 0.1682757 -0.3776383 -0.0146097 0.1643564 0.0731011 0.9835801
1305031458.427598 -1.2717763 0.1773736 -0.3559341 0.0093341 0.1600057 0.0848700 0.9834166
1305031458.491696 -1.2735244 0.1537745 -0.3339530 0.0353243 0.1727883 0.0913966 0.9800730
1305031458.591641 -1.2994195 0.1956348 -0.2786823 0.0833756 0.2013505 0.0786971 0.9727864
1305031458.659623 -1.3232726 0.2237769 -0.2389092 0.0864146 0.2036114 0.0737865 0.9724354
1305031458.827564 -1.3112895 0.2414981 -0.1724310 0.0766049 0.1298902 0.0353033 0.9879342
1305031458.891665 -1.3056768 0.2352548 -0.1595530 0.0816939 0.1240547 0.0254428 0.9885794
1305031458.959617 -1.3200526 0.2350959 -0.1445757 0.0739656 0.1401444 0.0443621 0.9863674
1305031459.027665 -1.3519318 0.2119804 -0.1197286 0.0821481 0.1489579 0.0471067 0.9842988
1305031459.091650 -1.4020158 0.1882567 -0.1106480 0.0956658 0.1350371 0.0682318 0.9838483
1305031459.159639 -1.4431880 0.1800777 -0.0940341 0.1137197 0.0931299 0.0749874 0.9862918
1305031459.227607 -1.4435204 0.1892707 -0.0735007 0.1241482 0.0566002 0.0907466 0.9864830
1305031459.259760 -1.4447930 0.1971103 -0.0631514 0.1259256 0.0531204 0.0970861 0.9858475
1305031459.327632 -1.4451829 0.2012853 -0.0511277 0.1231293 0.0786226 0.1285027 0.9808897
1305031459.391667 -1.4651802 0.2387424 -0.0123545 0.1402888 0.1335351 0.1672437 0.9667042
1305031459.459679 -1.4745458 0.2345468 -0.0131705 0.1242543 0.2000666 0.2494451 0.9393144
1305031459.527594 -1.4989878 0.2613411 0.0055705 0.1196860 0.2421352 0.3075165 0.9124031
1305031459.591695 -1.5358670 0.2595844 0.0164882 0.1166255 0.2714866 0.3496122 0.8890809
1305031459.727551 -1.5840104 0.2429361 0.0379171 0.1027404 0.3047563 0.3677378 0.8725463
1305031459.827664 -1.6263795 0.2098109 0.0538971 0.0999943 0.3196819 0.3592328 0.8710663
1305031459.927607 -1.6555054 0.1754656 0.0720192 0.0882961 0.3137182 0.3646663 0.8722403
1305031459.991725 -1.6718621 0.1547973 0.0861118 0.0835520 0.3127055 0.3723761 0.8698105
1305031460.059659 -1.6841921 0.1279590 0.0953049 0.0808441 0.3136026 0.3784586 0.8671140
1305031460.127690 -1.6960560 0.1016612 0.1056442 0.0873299 0.3013492 0.3940003 0.8639016
1305031460.191559 -1.7015359 0.0844067 0.1194658 0.0943107 0.2868605 0.4096938 0.8607947
1305031460.259667 -1.6925607 0.0698665 0.1260389 0.0960534 0.2900947 0.4148729 0.8570293
1305031460.391611 -1.6951072 0.0340844 0.1458548 0.0912476 0.3274722 0.4221087 0.8403928
1305031460.459620 -1.6915433 0.0204657 0.1548581 0.0881668 0.3488637 0.4308887 0.8275601
1305031460.527570 -1.6971307 0.0029015 0.1683761 0.0759088 0.3764392 0.4460519 0.8084362
1305031460.627625 -1.6937909 -0.0293777 0.1820778 0.0594392 0.4033314 0.4546047 0.7919125
1305031460.691671 -1.7016540 -0.0484319 0.2004945 0.0541536 0.4199160 0.4540273 0.7839625
1305031460.791660 -1.7004874 -0.0759713 0.2223614 0.0413143 0.4328419 0.4524292 0.7786198
1305031460.959649 -1.6852635 -0.1211455 0.2591279 0.0090124 0.4463185 0.4497585 0.7735865
1305031461.027620 -1.6748323 -0.1418875 0.2703951 0.0092679 0.4519640 0.4513050 0.7693936
1305031461.259642 -1.6426791 -0.1889189 0.3111261 0.0092595 0.4570971 0.4373226 0.7744194
1305031461.327751 -1.6329634 -0.1898808 0.3177765 0.0119439 0.4589549 0.4268847 0.7790939
1305031461.427624 -1.6161251 -0.1981155 0.3324515 -0.0023358 0.4631526 0.4233534 0.7786245
1305031461.491677 -1.6021521 -0.2035388 0.3351609 -0.0109974 0.4620831 0.4273833 0.7769825
1305031461.559677 -1.5963697 -0.1977562 0.3282126 -0.0060571 0.4633885 0.4213284 0.7795619
1305031461.659622 -1.5896393 -0.1869940 0.3206943 -0.0102779 0.4789370 0.4157802 0.7730722
1305031461.727602 -1.5849227 -0.1771278 0.3134139 -0.0122927 0.4799522 0.4267703 0.7663954
1305031461.827615 -1.5834863 -0.1467318 0.2950578 -0.0119513 0.4832744 0.4368348 0.7586030
1305031461.891723 -1.5982916 -0.1132538 0.2914178 -0.0031300 0.4897308 0.4520113 0.7455466
1305031462.259765 -1.6359539 -0.0248753 0.2815560 -0.0411712 0.4766594 0.5187399 0.7085264
1305031462.327540 -1.6458803 -0.0106977 0.2825325 -0.0542007 0.4704865 0.5120358 0.7166059
1305031462.391695 -1.6614748 0.0028561 0.2903906 -0.0698242 0.4665726 0.5024666 0.7245426
1305031462.527670 -1.6873366 0.0212806 0.2950739 -0.1034781 0.4370902 0.4919525 0.7458064
1305031462.591862 -1.6986170 0.0315774 0.2859014 -0.1123529 0.4213233 0.4783695 0.7622507
1305031462.759782 -1.7314017 0.0555399 0.2570363 -0.1192670 0.3982286 0.4304750 0.8011745
1305031462.827816 -1.7434410 0.0752156 0.2373889 -0.1190079 0.3841179 0.4170072 0.8151047
1305031462.891847 -1.7502761 0.1005448 0.2117667 -0.1176693 0.3741908 0.4069305 0.8249502
1305031462.959676 -1.7529970 0.1137053 0.1903448 -0.1161938 0.3695543 0.4039851 0.8286885
1305031463.027667 -1.7537459 0.1253962 0.1665060 -0.1068584 0.3623269 0.3925582 0.8385693
1305031463.127550 -1.7555134 0.1471320 0.1285281 -0.0982985 0.3484246 0.3658376 0.8573800
1305031463.195657 -1.7566812 0.1653146 0.1012965 -0.0921072 0.3421676 0.3480608 0.8679236
1305031463.295737 -1.7475777 0.1825137 0.0665832 -0.0858381 0.3366818 0.3344870 0.8760112
1305031463.395630 -1.7318037 0.2025179 0.0357365 -0.0756024 0.3217478 0.3250499 0.8860617
1305031463.495629 -1.7054045 0.2273706 -0.0003006 -0.0754131 0.3119254 0.3184733 0.8919587
1305031463.595600 -1.6842844 0.2447929 -0.0294412 -0.0704851 0.3166766 0.3161518 0.8915133
1305031463.695640 -1.6551645 0.2526161 -0.0744478 -0.0599389 0.3108504 0.3098564 0.8965313
1305031463.795647 -1.6195520 0.2482418 -0.1241377 -0.0566653 0.3109459 0.2913110 0.9029062
1305031463.895648 -1.5880384 0.2376394 -0.1733721 -0.0566779 0.3117070 0.2633180 0.9112025
1305031464.027703 -1.5570738 0.2211449 -0.2339979 -0.0513734 0.2988452 0.2363036 0.9231538
1305031464.195585 -1.5326051 0.1734847 -0.3002160 -0.0397913 0.2875772 0.2070588 0.9342605
1305031464.359684 -1.4999583 0.1658019 -0.3660096 -0.0123952 0.2180662 0.1870726 0.9577564
1305031464.527574 -1.4487195 0.1607309 -0.4412346 -0.0022353 0.1994758 0.1472111 0.9687793
1305031464.727652 -1.3870866 0.0922385 -0.5281588 0.0267534 0.2342438 0.0695842 0.9693153
1305031464.927799 -1.3492643 0.0944831 -0.5354125 0.0554144 0.1676054 -0.0428374 0.9833629
1305031465.095700 -1.2867345 0.1468134 -0.4871568 0.0756153 0.1370541 -0.1363967 0.9782099
1305031465.227907 -1.2143687 0.1650654 -0.4554373 0.0155581 0.0854838 -0.1685860 0.9818499
1305031465.460125 -1.0833246 0.2074750 -0.4180426 -0.0034125 -0.0151822 -0.0958439 0.9952747
1305031465.660060 -0.9586498 0.2591712 -0.4349044 0.0142441 -0.0733797 -0.0462668 0.9961285
1305031465.827996 -0.8413273 0.3222710 -0.4449836 0.0493838 -0.1077932 -0.0041309 0.9929374
1305031466.059757 -0.7073501 0.4507108 -0.4535933 0.1006095 -0.0917311 0.0049894 0.9906757
1305031466.195833 -0.6648222 0.5113609 -0.4789314 0.0814316 -0.1107235 0.0067177 0.9904868
1305031466.427819 -0.5585950 0.5415464 -0.5445381 0.0681715 -0.1037156 -0.0407262 0.9914318
1305031466.595936 -0.4726598 0.5746949 -0.5644658 0.0544745 -0.1111120 -0.0509926 0.9910027
1305031466.728074 -0.4001660 0.5861999 -0.5678320 0.0502845 -0.1138285 -0.0766299 0.9892636
1305031466.895694 -0.3309624 0.5928268 -0.5780227 0.0574158 -0.1371584 -0.0945323 0.9843549
1305031467.059700 -0.2468070 0.5915744 -0.5863117 0.0587945 -0.1800785 -0.1095618 0.9757619
1305031467.227704 -0.1896554 0.5960115 -0.5866112 0.0645695 -0.1988773 -0.1421816 0.9675035
1305031467.328008 -0.1514165 0.5974703 -0.5907415 0.0709127 -0.2164879 -0.1581838 0.9607717
1305031467.459692 -0.1020516 0.6002805 -0.5977553 0.0617987 -0.2425485 -0.1716266 0.9528355
1305031467.595989 -0.0485748 0.5950230 -0.5990345 0.0530042 -0.2574342 -0.1860773 0.9467278
1305031467.727535 -0.0094163 0.5681834 -0.5835454 0.0637485 -0.2768964 -0.1862280 0.9405231
1305031467.827800 0.0094120 0.5425618 -0.5603078 0.0764248 -0.2868617 -0.1914311 0.9355339
1305031467.959826 0.0233737 0.5080308 -0.5135885 0.0953055 -0.3144132 -0.1896235 0.9252589
1305031468.095867 0.0342895 0.4765483 -0.4578652 0.1050009 -0.3263188 -0.1984179 0.9182163
1305031468.228158 0.0435804 0.4206988 -0.4046202 0.1002330 -0.3342608 -0.2074763 0.9138800
1305031468.359787 0.0565436 0.3491518 -0.3622288 0.0956939 -0.3310686 -0.2008712 0.9169989
1305031468.495809 0.0603635 0.2878803 -0.3372084 0.0818450 -0.3295216 -0.2014030 0.9187784
1305031468.627626 0.0443119 0.2251951 -0.3338648 0.0817431 -0.3269000 -0.2234553 0.9146159
1305031468.795796 0.0115381 0.1477872 -0.3299002 0.0865444 -0.3477592 -0.2341793 0.9037332
1305031468.959594 -0.0043204 0.1151150 -0.3185686 0.0874195 -0.3336920 -0.2402079 0.9073631
1305031469.159703 -0.0303368 0.0818773 -0.2828577 0.0115509 -0.3071385 -0.2949041 0.9047454
1305031469.327618 -0.0624782 0.0750014 -0.2427770 -0.0130766 -0.2783141 -0.3157425 0.9070154
1305031469.459668 -0.0725696 0.0788619 -0.2023776 -0.0173633 -0.2428547 -0.3396954 0.9084752
1305031469.627752 -0.0861605 0.1192913 -0.1496611 -0.0407228 -0.2373575 -0.3432940 0.9078284
1305031469.795621 -0.1132979 0.1675026 -0.1089318 -0.0685302 -0.2127061 -0.3392834 0.9137540
1305031469.927854 -0.1410844 0.2203197 -0.0887485 -0.0898281 -0.2123084 -0.3300106 0.9153956
1305031470.059638 -0.1711980 0.2742032 -0.0824403 -0.0977238 -0.2173215 -0.3241237 0.9155137
1305031470.196092 -0.2050336 0.3268292 -0.0927017 -0.1077988 -0.2147645 -0.3140067 0.9185072
1305031470.327644 -0.2412533 0.3713003 -0.1063631 -0.1302211 -0.2084355 -0.3038633 0.9204696
1305031470.427641 -0.2676847 0.4033886 -0.1179570 -0.1396390 -0.2106393 -0.2969392 0.9208470
1305031470.527689 -0.2960877 0.4260353 -0.1306691 -0.1395503 -0.2124502 -0.2956887 0.9208468
1305031470.627729 -0.3212248 0.4430315 -0.1402458 -0.1468345 -0.2094150 -0.2887686 0.9226037
1305031470.727654 -0.3462387 0.4593843 -0.1468295 -0.1519759 -0.2077258 -0.2793196 0.9250588
1305031470.827831 -0.3687179 0.4713390 -0.1523418 -0.1524623 -0.1968864 -0.2672016 0.9309105
1305031470.927684 -0.3905954 0.4726502 -0.1614993 -0.1467067 -0.2012285 -0.2541776 0.9345470
1305031471.195703 -0.4444573 0.4661075 -0.1910204 -0.1019676 -0.1950434 -0.2140843 0.9516978
1305031471.327642 -0.4625138 0.4638269 -0.1973807 -0.0997464 -0.1842688 -0.1983878 0.9574643
1305031471.927651 -0.5019203 0.4789784 -0.2378133 -0.1065844 -0.1065217 -0.1162812 0.9817187
1305031472.059668 -0.5152229 0.4861004 -0.2387970 -0.1179175 -0.0774027 -0.1071293 0.9841889
1305031472.327678 -0.5371166 0.4950099 -0.2428411 -0.1050399 -0.0583314 -0.0839955 0.9891961
1305031472.495626 -0.5392462 0.4859125 -0.2441643 -0.1047115 -0.0633024 -0.0825830 0.9890441
1305031472.695755 -0.5365738 0.4675243 -0.2415382 -0.0977105 -0.0663034 -0.0724030 0.9903607
1305031472.827627 -0.5334342 0.4561463 -0.2372867 -0.0914621 -0.0666688 -0.0749106 0.9907464
1305031473.027638 -0.5329819 0.4541802 -0.2321454 -0.0897325 -0.0712240 -0.0676424 0.9911103
1305031473.196069 -0.5335307 0.4504441 -0.2300691 -0.0886294 -0.0713051 -0.0726779 0.9908473
