1305031453.523684 0.0000000 0.0000000 0.0000000 -0.0000000 -0.0000000 -0.0000000 1.0000000
1305031453.691678 0.0007287 0.0234601 -0.0639871 0.0339017 -0.0065988 0.0094431 0.9993588
1305031453.727652 -0.0047868 0.0307070 -0.0765908 0.0382571 -0.0114848 0.0046286 0.9991912
1305031453.759694 -0.0073209 0.0349840 -0.0891906 0.0420096 -0.0219454 -0.0029158 0.9988719
1305031453.791716 -0.0104767 0.0383823 -0.1009104 0.0446269 -0.0318468 -0.0106526 0.9984391
1305031453.859705 -0.0175541 0.0467233 -0.1296050 0.0465080 -0.0545356 -0.0240171 0.9971390
1305031453.891710 -0.0208355 0.0494649 -0.1422848 0.0440756 -0.0718290 -0.0310103 0.9959600
1305031453.927723 -0.0232970 0.0512663 -0.1489517 0.0399180 -0.0924506 -0.0354766 0.9942841
1305031454.027662 -0.0497338 0.0656982 -0.1548447 0.0396818 -0.1338084 -0.0642882 0.9881234
1305031454.059654 -0.0548330 0.0691012 -0.1608584 0.0404367 -0.1463361 -0.0752156 0.9855421
1305031454.091651 -0.0657792 0.0681308 -0.1663660 0.0393273 -0.1572794 -0.0884885 0.9827952
1305031454.127701 -0.0755841 0.0718490 -0.1674707 0.0434530 -0.1717710 -0.1032598 0.9787461
1305031454.159672 -0.0864618 0.0763233 -0.1736492 0.0437879 -0.1853787 -0.1147885 0.9749569
1305031454.191658 -0.0976207 0.0802863 -0.1776902 0.0419453 -0.2008405 -0.1288013 0.9702134
1305031454.227671 -0.1079674 0.0739431 -0.1783424 0.0412073 -0.2179570 -0.1472625 0.9639038
1305031454.291639 -0.1156626 0.0864656 -0.1808668 0.0480628 -0.2396791 -0.1730121 0.9541021
1305031454.327699 -0.1267823 0.0838312 -0.1844305 0.0478213 -0.2487384 -0.1880127 0.9489434
1305031454.359636 -0.1327870 0.0882592 -0.1843465 0.0553123 -0.2606335 -0.2023448 0.9423732
1305031454.391677 -0.1375263 0.0914995 -0.1887981 0.0565694 -0.2682289 -0.2142965 0.9375128
1305031454.559575 -0.1563419 0.1181252 -0.1966772 0.0642155 -0.3074903 -0.2859378 0.9052987
1305031454.627580 -0.1585355 0.1277975 -0.2051751 0.0619373 -0.3299152 -0.3169263 0.8870612
1305031454.659528 -0.1569472 0.1371275 -0.2053826 0.0571271 -0.3416778 -0.3223906 0.8809410
1305031455.027799 -0.1246146 0.1994047 -0.2136553 0.0063080 -0.3550949 -0.2800387 0.8918779
1305031455.091700 -0.1304454 0.2138229 -0.2211583 0.0077985 -0.3479427 -0.2779760 0.8953236
1305031455.159720 -0.1400843 0.2335530 -0.2331308 0.0090923 -0.3368707 -0.2726030 0.9011787
1305031455.227581 -0.1542678 0.2482553 -0.2430650 0.0048644 -0.3282749 -0.2618666 0.9075449
1305031455.427642 -0.2032359 0.2917286 -0.2773453 -0.0370967 -0.2909428 -0.2156962 0.9313706
1305031455.559669 -0.2539096 0.3027503 -0.3144213 -0.0556292 -0.2721055 -0.1737576 0.9448134
1305031455.627617 -0.2770558 0.3044240 -0.3315995 -0.0658353 -0.2688888 -0.1479536 0.9494600
1305031455.927955 -0.3872902 0.2887587 -0.4346395 -0.0513843 -0.2281560 -0.1555114 0.9597504
1305031456.091707 -0.4359945 0.2790363 -0.4732220 -0.0692429 -0.1982702 -0.1801155 0.9609645
1305031456.159731 -0.4554115 0.2645158 -0.4792130 -0.0739573 -0.1877777 -0.1829809 0.9621787
1305031456.291675 -0.4953281 0.2513161 -0.4889851 -0.0638276 -0.1447059 -0.1722747 0.9722694
1305031456.427662 -0.5396792 0.2536317 -0.4811676 -0.0439994 -0.0966050 -0.1500374 0.9829651
1305031457.027648 -0.7434906 0.3238997 -0.3731631 -0.0999862 -0.0375657 -0.0412025 0.9934254
1305031457.227543 -0.8058283 0.3272189 -0.3825911 -0.1167571 0.0067729 -0.0101832 0.9930852
1305031457.359712 -0.8505055 0.3171999 -0.4088854 -0.1056122 0.0452059 0.0114869 0.9933130
1305031457.559685 -0.9303604 0.2944445 -0.4567366 -0.0885709 0.0843726 0.0410762 0.9916397
1305031457.659632 -0.9738210 0.2909248 -0.4772305 -0.0794298 0.0972963 0.0511818 0.9907597
1305031457.727669 -0.9960707 0.2721033 -0.4839377 -0.0890801 0.0998277 0.0524851 0.9896184
1305031457.791567 -1.0129026 0.2468093 -0.4921868 -0.0832289 0.1047880 0.0504403 0.9897213
1305031457.859623 -1.0393757 0.2447858 -0.5037211 -0.0676023 0.1225074 0.0502645 0.9888859
1305031457.959632 -1.0882220 0.2260768 -0.5063567 -0.0416811 0.1404681 0.0575641 0.9875312
1305031458.059689 -1.1193815 0.2145554 -0.5013815 -0.0187954 0.1495780 0.0615323 0.9866545
1305031458.159638 -1.1628574 0.2038593 -0.4759899 -0.0188589 0.1649031 0.0652687 0.9839671
1305031458.259934 -1.2112058 0.1796709 -0.4372248 -0.0335375 0.1678914 0.0674371 0.9829242
1305031458.327628 -1.2416117 0.1810493 -0.4138975 -0.0210154 0.1613016 0.0692817 0.9842460
1305031458.391626 -1.2601759 0.1695747 -0.3885369 -0.0035357 0.1547265 0.0742751 0.9851550
1305031458.459637 -1.2610679 0.1584205 -0.3675185 0.0133453 0.1564620 0.0910126 0.9833912
1305031458.527737 -1.2766176 0.1783802 -0.3362877 0.0594239 0.1778733 0.0862527 0.9784633
1305031458.627659 -1.2937555 0.2180381 -0.2801886 0.0888805 0.1933969 0.0732856 0.9743342
1305031458.691674 -1.3155353 0.2148496 -0.2505419 0.0718966 0.1797915 0.0662200 0.9788365
1305031458.759945 -1.3166029 0.2215801 -0.2164526 0.0769268 0.1510819 0.0453838 0.9844780
1305031458.827564 -1.2991767 0.2344725 -0.1927196 0.0708981 0.1204707 0.0357244 0.9895373
1305031458.891665 -1.2920169 0.2290176 -0.1783643 0.0765152 0.1135160 0.0268989 0.9902202
1305031458.959617 -1.3052734 0.2288387 -0.1638343 0.0686664 0.1287962 0.0451466 0.9882603
1305031459.027665 -1.3397633 0.2048346 -0.1416300 0.0763573 0.1384309 0.0479387 0.9862598
1305031459.091650 -1.3887680 0.1838019 -0.1300334 0.0909085 0.1245818 0.0668754 0.9857701
1305031459.159639 -1.4237849 0.1755861 -0.1181444 0.1083431 0.0789789 0.0741689 0.9881918
1305031459.227607 -1.4331019 0.1836862 -0.0912203 0.1187474 0.0469337 0.0910911 0.9876228
1305031459.359651 -1.4388770 0.2022996 -0.0657153 0.1227229 0.0916037 0.1507590 0.9766369
1305031459.491555 -1.4911371 0.2452339 -0.0170081 0.1193647 0.2233203 0.2762941 0.9271147
1305031459.559647 -1.5155418 0.2418860 -0.0213563 0.1024777 0.2581261 0.3343871 0.9005857
1305031459.691604 -1.5695593 0.2412680 0.0047766 0.0972085 0.2911130 0.3672229 0.8780382
1305031459.827664 -1.6233780 0.1938726 0.0244878 0.0865218 0.3151147 0.3622863 0.8729063
1305031459.959650 -1.6642461 0.1502378 0.0517331 0.0745806 0.3098082 0.3702317 0.8725739
1305031460.059659 -1.6809669 0.1116265 0.0687937 0.0677955 0.3096725 0.3818005 0.8681792
1305031460.127690 -1.6964835 0.0793367 0.0796015 0.0724366 0.2996833 0.3984613 0.8638121
1305031460.191559 -1.6989155 0.0666399 0.0932133 0.0807478 0.2836373 0.4135178 0.8614132
1305031460.259667 -1.6887940 0.0522436 0.1001805 0.0819171 0.2865288 0.4185006 0.8579324
1305031460.391611 -1.6902175 0.0159136 0.1212470 0.0765769 0.3241572 0.4257829 0.8412889
1305031460.527570 -1.6936747 -0.0170468 0.1442505 0.0607521 0.3741222 0.4493722 0.8089539
1305031460.659764 -1.6933434 -0.0557441 0.1677570 0.0433495 0.4105958 0.4552883 0.7888247
1305031460.759667 -1.6948928 -0.0824567 0.1906171 0.0308670 0.4246036 0.4551826 0.7820280
1305031460.927562 -1.6909382 -0.1248110 0.2354265 0.0014507 0.4446610 0.4470774 0.7761420
1305031460.991668 -1.6770476 -0.1463783 0.2454532 -0.0043874 0.4476258 0.4504242 0.7724829
1305031461.091728 -1.6682988 -0.1695691 0.2693336 -0.0022855 0.4511378 0.4506888 0.7702916
1305031461.159720 -1.6515265 -0.1894652 0.2783993 -0.0068252 0.4517254 0.4483733 0.7712711
1305031461.291656 -1.6367714 -0.2039180 0.2995715 -0.0018320 0.4557812 0.4313605 0.7785810
1305031461.359709 -1.6324121 -0.2010694 0.3109130 -0.0037785 0.4624456 0.4222539 0.7796355
1305031461.559677 -1.5944660 -0.2103748 0.3144460 -0.0188346 0.4618542 0.4211229 0.7803791
1305031461.659622 -1.5870188 -0.2010689 0.3047896 -0.0239060 0.4765195 0.4159807 0.7741561
1305031461.759684 -1.5831349 -0.1812623 0.2925088 -0.0242033 0.4788512 0.4286278 0.7657636
1305031461.827615 -1.5811193 -0.1616488 0.2796873 -0.0257556 0.4820137 0.4370452 0.7589407
1305031461.927758 -1.5914264 -0.1226125 0.2683648 -0.0248016 0.4835890 0.4627947 0.7425280
1305031462.091777 -1.6116014 -0.0674900 0.2593727 -0.0336541 0.4799471 0.5052619 0.7163998
1305031462.191641 -1.6204755 -0.0498018 0.2550095 -0.0421103 0.4729238 0.5213569 0.7090534
1305031462.259765 -1.6324278 -0.0391275 0.2611638 -0.0552957 0.4746975 0.5191448 0.7085855
1305031462.327540 -1.6430955 -0.0256057 0.2613162 -0.0686155 0.4683230 0.5123562 0.7165588
1305031462.391695 -1.6567578 -0.0163938 0.2690839 -0.0865941 0.4640743 0.5050029 0.7225709
1305031462.459897 -1.6718986 -0.0029387 0.2719689 -0.1011870 0.4499907 0.4981956 0.7342143
1305031462.659660 -1.7071209 0.0264767 0.2503353 -0.1311120 0.4095589 0.4609926 0.7762454
1305031462.727652 -1.7234576 0.0332673 0.2430041 -0.1321111 0.4034735 0.4410324 0.7907251
1305031462.791943 -1.7364191 0.0499246 0.2231226 -0.1323651 0.3871755 0.4230077 0.8084795
1305031462.859782 -1.7464057 0.0730066 0.2001144 -0.1331692 0.3729521 0.4117325 0.8207613
1305031462.927607 -1.7508078 0.0913680 0.1752430 -0.1316559 0.3686789 0.4063676 0.8255956
1305031462.995550 -1.7515078 0.1053405 0.1519937 -0.1253209 0.3608561 0.3998417 0.8331891
1305031463.095809 -1.7543145 0.1269588 0.1115648 -0.1134521 0.3445146 0.3767661 0.8523413
1305031463.195657 -1.7543926 0.1498383 0.0718361 -0.1047125 0.3362328 0.3491256 0.8683859
1305031463.295737 -1.7447181 0.1673532 0.0370755 -0.0980714 0.3306800 0.3354975 0.8766266
1305031463.395630 -1.7285724 0.1874220 0.0050512 -0.0876218 0.3154032 0.3262382 0.8867987
1305031463.495629 -1.6997213 0.2118889 -0.0332854 -0.0875247 0.3038800 0.3205490 0.8928856
1305031463.595600 -1.6792055 0.2290935 -0.0625235 -0.0827486 0.3092926 0.3175330 0.8925601
1305031463.695640 -1.6495637 0.2393793 -0.1061418 -0.0705653 0.3041736 0.3102147 0.8979231
1305031463.827761 -1.6004440 0.2334211 -0.1696329 -0.0683639 0.3026900 0.2826830 0.9076318
1305031463.959680 -1.5604029 0.2096735 -0.2319218 -0.0684548 0.2981215 0.2529545 0.9178516
1305031464.127681 -1.5263588 0.1803938 -0.3059667 -0.0610121 0.2893420 0.2143033 0.9309312
1305031464.295667 -1.5153204 0.1610381 -0.3646894 -0.0247868 0.2382780 0.1959821 0.9508944
1305031464.459689 -1.4566374 0.1505008 -0.4317900 -0.0118902 0.1978832 0.1615092 0.9667553
1305031464.659749 -1.3842001 0.1091309 -0.5343738 -0.0006940 0.2099565 0.1035466 0.9722118
1305031464.827759 -1.3804886 0.0908128 -0.5563095 0.0535861 0.2122132 0.0103976 0.9756977
1305031464.995687 -1.3062654 0.0748181 -0.5538714 0.0577001 0.1489157 -0.0819028 0.9837615
1305031465.195564 -1.2216384 0.1431020 -0.4840460 0.0211982 0.0882595 -0.1666416 0.9818307
1305031465.395586 -1.1200416 0.1759277 -0.4374087 -0.0165141 0.0069892 -0.1215905 0.9924183
1305031465.627688 -0.9649762 0.2379855 -0.4481486 0.0044777 -0.0699745 -0.0551503 0.9960130
1305031465.827996 -0.8291934 0.3127919 -0.4614990 0.0443674 -0.1146873 -0.0037688 0.9924032
1305031465.995753 -0.7261992 0.3977251 -0.4675641 0.0868107 -0.0989741 0.0043162 0.9912868
1305031466.160428 -0.6627744 0.4820254 -0.4870084 0.0812377 -0.1081371 0.0056439 0.9907951
1305031466.295737 -0.5925919 0.5086540 -0.5231897 0.0598499 -0.1303254 -0.0156984 0.9895387
1305031466.427819 -0.5445302 0.5301036 -0.5596620 0.0623608 -0.1099881 -0.0405653 0.9911449
1305031466.560353 -0.4697265 0.5532005 -0.5780309 0.0545683 -0.1198894 -0.0460801 0.9902149
1305031466.728074 -0.3823773 0.5712009 -0.5853418 0.0430446 -0.1210451 -0.0756578 0.9888231
1305031466.859665 -0.3238166 0.5747760 -0.5912073 0.0464730 -0.1337667 -0.0926778 0.9855747
1305031466.995712 -0.2630565 0.5790372 -0.5970039 0.0520464 -0.1775861 -0.1003080 0.9775953
1305031467.159660 -0.1948999 0.5785132 -0.6007697 0.0546261 -0.1936730 -0.1316916 0.9706514
1305031467.295846 -0.1469923 0.5823253 -0.6021228 0.0630696 -0.2170909 -0.1520139 0.9621775
1305031467.427783 -0.0960184 0.5835919 -0.6081234 0.0549615 -0.2429612 -0.1686320 0.9536836
1305031467.559763 -0.0423928 0.5821936 -0.6116509 0.0474482 -0.2621668 -0.1859266 0.9457529
1305031467.695886 -0.0005917 0.5663368 -0.5994664 0.0561547 -0.2803313 -0.1796778 0.9412635
1305031467.827800 0.0253952 0.5314191 -0.5693722 0.0719443 -0.2927973 -0.1899296 0.9343557
1305031467.927754 0.0375236 0.5089357 -0.5357895 0.0851428 -0.3146981 -0.1864277 0.9268013
1305031468.059850 0.0475141 0.4665570 -0.4807774 0.0957227 -0.3285604 -0.1951283 0.9191356
1305031468.195985 0.0585917 0.4238024 -0.4233432 0.0978607 -0.3411370 -0.2045466 0.9122552
1305031468.295830 0.0678070 0.3744886 -0.3857663 0.0908728 -0.3403686 -0.2049511 0.9131738
1305031468.428025 0.0744466 0.3053954 -0.3578812 0.0818089 -0.3355614 -0.2009829 0.9166852
1305031468.559739 0.0652139 0.2341189 -0.3433203 0.0795411 -0.3318577 -0.2147649 0.9151065
1305031468.727785 0.0395539 0.1645008 -0.3395499 0.0800103 -0.3475671 -0.2282134 0.9059327
1305031468.859659 0.0236696 0.1169856 -0.3311588 0.0940405 -0.3568267 -0.2409209 0.8976571
1305031468.995711 0.0117828 0.1212731 -0.3193724 0.0780202 -0.3362609 -0.2428948 0.9065559
1305031469.159703 -0.0154490 0.0697404 -0.2891134 0.0082455 -0.3136506 -0.2937271 0.9029284
1305031469.327618 -0.0480659 0.0673823 -0.2472185 -0.0145781 -0.2846559 -0.3141866 0.9055635
1305031469.495744 -0.0739177 0.0796518 -0.1996878 -0.0189756 -0.2398300 -0.3433357 0.9078778
1305031469.659590 -0.0872013 0.1118245 -0.1475092 -0.0531910 -0.2352151 -0.3461046 0.9066731
1305031469.795621 -0.1047643 0.1567540 -0.1137393 -0.0736481 -0.2182482 -0.3396778 0.9119006
1305031469.959805 -0.1372580 0.2228486 -0.0888318 -0.0969519 -0.2224265 -0.3276699 0.9131042
1305031470.095944 -0.1690620 0.2769094 -0.0891365 -0.1044691 -0.2234189 -0.3231661 0.9136377
1305031470.227618 -0.2022166 0.3268694 -0.1010289 -0.1185763 -0.2222295 -0.3116776 0.9161937
1305031470.327644 -0.2292025 0.3620002 -0.1133118 -0.1350011 -0.2166420 -0.3048906 0.9175416
1305031470.427641 -0.2560940 0.3930871 -0.1247703 -0.1456176 -0.2191121 -0.2975474 0.9177423
1305031470.527689 -0.2843990 0.4154410 -0.1387932 -0.1457298 -0.2210900 -0.2963452 0.9176391
1305031470.695630 -0.3245346 0.4441379 -0.1547099 -0.1578161 -0.2177133 -0.2816258 0.9210765
1305031470.795615 -0.3487698 0.4561727 -0.1608233 -0.1625734 -0.2066637 -0.2741666 0.9250366
1305031470.895722 -0.3710202 0.4650144 -0.1695166 -0.1523373 -0.2068236 -0.2581732 0.9313238
1305031470.995996 -0.3967119 0.4595783 -0.1811688 -0.1415682 -0.2110275 -0.2488797 0.9346040
1305031471.395730 -0.4626408 0.4536139 -0.2145929 -0.1042200 -0.1734455 -0.1920719 0.9602933
1305031471.859665 -0.4903874 0.4616818 -0.2500522 -0.1066536 -0.1221985 -0.1269009 0.9785646
1305031471.995573 -0.4966043 0.4725788 -0.2530645 -0.1144780 -0.0968949 -0.1127338 0.9822410
1305031472.127594 -0.5120039 0.4870012 -0.2543629 -0.1252482 -0.0735717 -0.0994219 0.9843858
1305031472.395599 -0.5307609 0.4813471 -0.2577735 -0.1145144 -0.0649115 -0.0829405 0.9878228
1305031472.527625 -0.5308016 0.4694329 -0.2568063 -0.1147551 -0.0666382 -0.0832880 0.9876506
1305031472.795640 -0.5237119 0.4476450 -0.2521474 -0.1010902 -0.0732974 -0.0766937 0.9892049
1305031472.927685 -0.5221429 0.4438301 -0.2480090 -0.0965832 -0.0759632 -0.0707980 0.9898934
1305031473.196069 -0.5229416 0.4419152 -0.2438970 -0.0941351 -0.0777884 -0.0737969 0.9897685
