1305031453.523684 0.0000000 0.0000000 0.0000000 -0.0000000 -0.0000000 -0.0000000 1.0000000
1305031453.691678 0.0005810 0.0223908 -0.0623132 0.0336346 -0.0065684 0.0089350 0.9993727
1305031453.727652 -0.0037871 0.0287081 -0.0748497 0.0376029 -0.0119644 0.0041027 0.9992127
1305031453.759694 -0.0075424 0.0341237 -0.0870566 0.0420501 -0.0217557 -0.0032347 0.9988734
1305031453.827773 -0.0142192 0.0403948 -0.1104397 0.0456450 -0.0405071 -0.0174080 0.9979843
1305031453.891710 -0.0202950 0.0481144 -0.1392361 0.0439208 -0.0722081 -0.0323995 0.9958952
1305031453.959641 -0.0236073 0.0510811 -0.1492197 0.0356623 -0.1125429 -0.0434772 0.9920545
1305031453.991624 -0.0392672 0.0573609 -0.1493692 0.0357438 -0.1215241 -0.0550579 0.9904155
1305031454.027662 -0.0478385 0.0601575 -0.1516675 0.0380092 -0.1344884 -0.0657310 0.9880018
1305031454.059654 -0.0533984 0.0641567 -0.1576721 0.0388504 -0.1468063 -0.0767727 0.9854159
1305031454.091651 -0.0641039 0.0646663 -0.1604131 0.0385547 -0.1581488 -0.0899574 0.9825529
1305031454.127701 -0.0743675 0.0672667 -0.1640285 0.0420904 -0.1719088 -0.1041520 0.9786869
1305031454.191658 -0.0930039 0.0749774 -0.1752739 0.0402857 -0.2024431 -0.1300406 0.9697852
1305031454.359636 -0.1285105 0.0827369 -0.1823817 0.0535612 -0.2621578 -0.2040484 0.9416840
1305031454.391677 -0.1328867 0.0881523 -0.1855616 0.0556411 -0.2696818 -0.2146954 0.9370602
1305031454.559575 -0.1508261 0.1122930 -0.1973601 0.0627238 -0.3084443 -0.2879331 0.9044459
1305031454.591635 -0.1541277 0.1170514 -0.2004201 0.0607536 -0.3185469 -0.3050294 0.8954295
1305031454.659528 -0.1517521 0.1321357 -0.2050155 0.0559502 -0.3426032 -0.3243212 0.8799479
1305031454.727659 -0.1465494 0.1383373 -0.2043500 0.0439345 -0.3705156 -0.3349820 0.8652023
1305031454.959648 -0.1177758 0.1785250 -0.2024574 0.0090170 -0.3620796 -0.2900520 0.8858256
1305031455.191655 -0.1424998 0.2400808 -0.2371792 0.0067181 -0.3324054 -0.2689841 0.9039409
1305031455.259631 -0.1536446 0.2583500 -0.2478058 0.0047390 -0.3232299 -0.2576615 0.9105551
1305031455.327766 -0.1731422 0.2740093 -0.2616892 -0.0093886 -0.3108279 -0.2390516 0.9198653
1305031455.391665 -0.1863562 0.2851037 -0.2670210 -0.0281812 -0.3010597 -0.2267377 0.9258288
1305031455.659615 -0.2877103 0.3001586 -0.3435574 -0.0635485 -0.2641856 -0.1444831 0.9514684
1305031455.859526 -0.3619609 0.2924899 -0.4130116 -0.0504769 -0.2362737 -0.1554590 0.9578410
1305031455.927955 -0.3819233 0.2853236 -0.4332339 -0.0518018 -0.2280726 -0.1571212 0.9594855
1305031456.027770 -0.4031123 0.2910393 -0.4608501 -0.0521819 -0.2122223 -0.1658894 0.9616234
1305031456.091707 -0.4318845 0.2779067 -0.4716243 -0.0687150 -0.1972682 -0.1812803 0.9609896
1305031456.227678 -0.4637622 0.2614512 -0.4863484 -0.0633148 -0.1694838 -0.1781922 0.9672198
1305031456.291675 -0.4909017 0.2512164 -0.4869310 -0.0627922 -0.1435558 -0.1732667 0.9723310
1305031456.591651 -0.5925102 0.2781440 -0.4561319 -0.0534465 -0.0797255 -0.1220667 0.9878700
1305031457.191735 -0.7894671 0.3289676 -0.3781307 -0.1111756 0.0008925 -0.0170055 0.9936549
1305031457.259691 -0.8116096 0.3137301 -0.3823304 -0.1188598 0.0158785 -0.0060850 0.9927654
1305031457.391684 -0.8592451 0.3120004 -0.4140372 -0.0996260 0.0599774 0.0178301 0.9930556
1305031457.659632 -0.9659214 0.2915432 -0.4742399 -0.0780717 0.0982985 0.0505069 0.9908034
1305031457.727669 -0.9887805 0.2744555 -0.4806176 -0.0869465 0.1009702 0.0513487 0.9897518
1305031457.827699 -1.0194386 0.2542231 -0.4967016 -0.0678143 0.1149030 0.0494384 0.9898254
1305031457.891593 -1.0516127 0.2253704 -0.4964916 -0.0640076 0.1348090 0.0475757 0.9876569
1305031457.959632 -1.0817829 0.2331775 -0.5007881 -0.0376901 0.1423782 0.0555285 0.9875346
1305031458.059689 -1.1114231 0.2213049 -0.4971023 -0.0150132 0.1508367 0.0599769 0.9866234
1305031458.159638 -1.1557758 0.2094961 -0.4725039 -0.0154793 0.1667170 0.0635697 0.9838316
1305031458.259934 -1.2034874 0.1887421 -0.4304786 -0.0285638 0.1697085 0.0658261 0.9828785
1305031458.327628 -1.2329128 0.1869133 -0.4109341 -0.0173876 0.1629070 0.0679291 0.9841467
1305031458.427598 -1.2544333 0.1777949 -0.3732469 0.0089602 0.1552865 0.0811337 0.9844913
1305031458.491696 -1.2588665 0.1681584 -0.3470881 0.0413005 0.1691418 0.0855460 0.9810032
1305031458.559628 -1.2691166 0.1901213 -0.3173741 0.0715367 0.1869541 0.0817857 0.9763411
1305031458.659623 -1.2974132 0.2212096 -0.2570015 0.0846156 0.1950090 0.0705882 0.9745917
1305031458.727650 -1.3031915 0.2205285 -0.2268150 0.0747450 0.1676554 0.0558187 0.9814220
1305031458.859887 -1.2885684 0.2267752 -0.1824205 0.0717827 0.1177689 0.0308193 0.9899636
1305031458.991647 -1.3123821 0.2130240 -0.1478889 0.0695447 0.1404555 0.0450818 0.9866121
1305031459.059631 -1.3521442 0.2006134 -0.1384940 0.0858615 0.1362890 0.0541262 0.9854560
1305031459.127618 -1.3937750 0.1822036 -0.1301721 0.1034910 0.1015090 0.0683522 0.9870732
1305031459.191674 -1.4187518 0.1898246 -0.0938200 0.1210455 0.0626306 0.0752253 0.9878090
1305031459.259760 -1.4202132 0.1978076 -0.0791559 0.1239672 0.0438890 0.0946044 0.9867907
1305031459.327632 -1.4266849 0.1986496 -0.0744106 0.1190742 0.0716181 0.1251968 0.9823533
1305031459.391667 -1.4471558 0.2241253 -0.0462575 0.1291820 0.1250679 0.1712902 0.9686742
1305031459.459679 -1.4615481 0.2206708 -0.0512914 0.1144827 0.1950287 0.2504117 0.9413562
1305031459.527594 -1.4978688 0.2543855 -0.0198039 0.1152835 0.2465229 0.3043751 0.9128483
1305031459.591695 -1.5255251 0.2498936 -0.0104770 0.1085893 0.2713519 0.3481091 0.8907281
1305031459.659641 -1.5389639 0.2493894 -0.0006730 0.1058138 0.2776014 0.3602621 0.8842806
1305031459.791650 -1.5938214 0.2097978 0.0180922 0.0917637 0.3126881 0.3626080 0.8731100
1305031459.859660 -1.6217310 0.1919938 0.0336217 0.0872376 0.3156070 0.3581485 0.8743635
1305031459.959650 -1.6468686 0.1567084 0.0502243 0.0780841 0.3085883 0.3686944 0.8733502
1305031460.027565 -1.6563373 0.1321520 0.0622136 0.0720012 0.3075111 0.3774201 0.8705210
1305031460.091717 -1.6751796 0.1033344 0.0743990 0.0724977 0.3075331 0.3856560 0.8668547
1305031460.159678 -1.6812423 0.0819219 0.0832693 0.0840283 0.2895833 0.4034738 0.8638806
1305031460.227761 -1.6763997 0.0671187 0.0953622 0.0840055 0.2804494 0.4152111 0.8613309
1305031460.359630 -1.6777074 0.0333228 0.1136602 0.0848306 0.3134960 0.4191950 0.8478205
1305031460.427477 -1.6761731 0.0155976 0.1240285 0.0794220 0.3342611 0.4269026 0.8364903
1305031460.491504 -1.6787183 0.0062100 0.1326562 0.0736721 0.3596065 0.4368530 0.8212278
1305031460.627625 -1.6770036 -0.0368075 0.1574499 0.0502684 0.4008513 0.4539176 0.7941978
1305031460.691671 -1.6849668 -0.0558583 0.1772094 0.0450533 0.4180781 0.4531265 0.7860391
1305031460.791660 -1.6849492 -0.0825872 0.1994142 0.0326170 0.4312341 0.4510738 0.7807084
1305031461.159720 -1.6405756 -0.1791823 0.2738929 -0.0013864 0.4522075 0.4458979 0.7724516
1305031461.227607 -1.6347021 -0.1868878 0.2854193 0.0009719 0.4551212 0.4385903 0.7749209
1305031461.327751 -1.6204814 -0.1942094 0.2986968 0.0039699 0.4583275 0.4242329 0.7809908
1305031461.459781 -1.6032026 -0.1979249 0.3169247 -0.0117881 0.4629496 0.4215906 0.7796153
1305031461.527705 -1.5885150 -0.2065644 0.3158609 -0.0137530 0.4633232 0.4213906 0.7794693
1305031461.591690 -1.5798939 -0.2006160 0.3037978 -0.0155848 0.4682539 0.4148483 0.7799976
1305031461.691563 -1.5767791 -0.1852830 0.2981139 -0.0183251 0.4794853 0.4184609 0.7711346
1305031461.759684 -1.5731320 -0.1718544 0.2884274 -0.0183423 0.4799593 0.4263771 0.7664889
1305031461.859767 -1.5755477 -0.1352068 0.2709700 -0.0152448 0.4859298 0.4397054 0.7551814
1305031461.959703 -1.5794119 -0.0968847 0.2523874 -0.0207694 0.4828061 0.4633978 0.7427849
1305031462.027675 -1.5926266 -0.0778219 0.2585567 -0.0308690 0.4918919 0.4804058 0.7254653
1305031462.191641 -1.6071912 -0.0432315 0.2514759 -0.0385848 0.4730741 0.5193878 0.7105973
1305031462.291629 -1.6241438 -0.0282328 0.2571306 -0.0578769 0.4713625 0.5159752 0.7129076
1305031462.359732 -1.6382314 -0.0133200 0.2602175 -0.0712310 0.4682714 0.5056180 0.7211092
1305031462.427635 -1.6509719 -0.0029967 0.2669719 -0.0903800 0.4583221 0.4997971 0.7293663
1305031462.492008 -1.6641805 0.0100447 0.2654633 -0.1076443 0.4394957 0.4940245 0.7424258
1305031462.559862 -1.6776193 0.0193619 0.2632741 -0.1182305 0.4233218 0.4846647 0.7562542
1305031462.692548 -1.7015967 0.0354845 0.2441496 -0.1268073 0.4098018 0.4492548 0.7836788
1305031462.759782 -1.7154529 0.0469016 0.2298429 -0.1291271 0.3949054 0.4292832 0.8019301
1305031462.827816 -1.7286334 0.0676948 0.2105157 -0.1276259 0.3814653 0.4151641 0.8159869
1305031462.891847 -1.7331648 0.0904881 0.1833016 -0.1281123 0.3700934 0.4063697 0.8255191
1305031462.995550 -1.7352154 0.1101577 0.1492936 -0.1226853 0.3608996 0.3988587 0.8340334
1305031463.059810 -1.7406751 0.1225889 0.1234431 -0.1121244 0.3522194 0.3832640 0.8464505
1305031463.127550 -1.7378533 0.1362737 0.0979116 -0.1084804 0.3433204 0.3656696 0.8582825
1305031463.195657 -1.7386848 0.1559125 0.0701048 -0.1011470 0.3366250 0.3475984 0.8692688
1305031463.260034 -1.7291126 0.1653758 0.0475335 -0.0976250 0.3322860 0.3399144 0.8743647
1305031463.359750 -1.7156267 0.1800253 0.0169764 -0.0914555 0.3216846 0.3301196 0.8827095
1305031463.459756 -1.6956642 0.2115961 -0.0175353 -0.0823877 0.3080814 0.3180435 0.8928306
1305031463.559751 -1.6705258 0.2291106 -0.0507506 -0.0796912 0.3126467 0.3152170 0.8924907
1305031463.659766 -1.6391098 0.2372626 -0.0895064 -0.0728266 0.3058042 0.3122717 0.8964745
1305031463.795647 -1.5971488 0.2420939 -0.1501683 -0.0624401 0.3050350 0.2905403 0.9047880
1305031463.895648 -1.5674198 0.2310364 -0.1974447 -0.0624352 0.3069625 0.2610787 0.9130793
1305031464.059652 -1.5226364 0.2046284 -0.2735552 -0.0592135 0.2904076 0.2264872 0.9278258
1305031464.195585 -1.5068567 0.1701477 -0.3218935 -0.0437401 0.2805726 0.2053064 0.9365976
1305031464.327866 -1.4889253 0.1695340 -0.3717923 -0.0179154 0.2234977 0.1905140 0.9557365
1305031464.495633 -1.4355439 0.1618793 -0.4398044 -0.0043438 0.1960375 0.1528957 0.9685935
1305031464.659749 -1.3738977 0.1219705 -0.5282987 0.0049222 0.2113728 0.1017070 0.9720870
1305031464.859654 -1.3645288 0.1124062 -0.5453491 0.0658987 0.1975284 -0.0062465 0.9780598
1305031465.027823 -1.2886335 0.0894549 -0.5360916 0.0654531 0.1502763 -0.1045245 0.9809218
1305031465.195564 -1.2083882 0.1519272 -0.4784822 0.0253528 0.0886417 -0.1665573 0.9817121
1305031465.395586 -1.1171528 0.1840405 -0.4336264 -0.0130268 0.0111288 -0.1252060 0.9919828
1305031465.595599 -0.9756513 0.2310595 -0.4414837 0.0024698 -0.0631731 -0.0681182 0.9956722
1305031465.827996 -0.8277974 0.3144093 -0.4602293 0.0462836 -0.1112794 -0.0069525 0.9926865
1305031465.995753 -0.7211815 0.3979636 -0.4645863 0.0883681 -0.0977360 0.0028473 0.9912773
1305031466.127640 -0.6691312 0.4689541 -0.4776960 0.0876698 -0.1014995 0.0025885 0.9909617
1305031466.259815 -0.6067196 0.5023767 -0.5078918 0.0593761 -0.1320405 -0.0064178 0.9894436
1305031466.395784 -0.5514074 0.5203252 -0.5476561 0.0567344 -0.1064520 -0.0383756 0.9919559
1305031466.527538 -0.4836659 0.5440132 -0.5713545 0.0574005 -0.1210693 -0.0458288 0.9899228
1305031466.659688 -0.4115853 0.5567889 -0.5786901 0.0480227 -0.1160220 -0.0605643 0.9902347
1305031466.795604 -0.3476757 0.5729292 -0.5855510 0.0543207 -0.1218966 -0.0916305 0.9868102
1305031466.927756 -0.2925670 0.5798976 -0.5938194 0.0530870 -0.1589115 -0.0973964 0.9810417
1305031467.059700 -0.2267093 0.5768225 -0.5993000 0.0541012 -0.1854794 -0.1098599 0.9749878
1305031467.159660 -0.1896552 0.5770907 -0.5974220 0.0564329 -0.1935568 -0.1334165 0.9703356
1305031467.295846 -0.1424630 0.5805761 -0.5997521 0.0646416 -0.2166611 -0.1538426 0.9618794
1305031467.427783 -0.0899365 0.5830185 -0.6048024 0.0570365 -0.2432510 -0.1699230 0.9532586
1305031467.559763 -0.0363533 0.5814979 -0.6074407 0.0495556 -0.2624848 -0.1874871 0.9452484
1305031467.659626 -0.0063058 0.5689514 -0.5976915 0.0553319 -0.2763483 -0.1795682 0.9425101
1305031467.759907 0.0186064 0.5515387 -0.5831894 0.0681024 -0.2856718 -0.1877412 0.9372870
1305031467.927754 0.0428755 0.5086569 -0.5310718 0.0874680 -0.3152938 -0.1880591 0.9260523
1305031468.028107 0.0524335 0.4812660 -0.4899970 0.0946207 -0.3261995 -0.1941159 0.9203042
1305031468.127816 0.0565753 0.4467869 -0.4472317 0.0984095 -0.3366959 -0.1995022 0.9149592
1305031468.259754 0.0675409 0.3898984 -0.3949282 0.0943541 -0.3415415 -0.2054741 0.9122648
1305031468.395860 0.0779371 0.3267821 -0.3583214 0.0906493 -0.3367865 -0.2006870 0.9154684
1305031468.527756 0.0757553 0.2493136 -0.3411497 0.0743714 -0.3335698 -0.2072782 0.9166439
1305031468.659579 0.0532354 0.1890322 -0.3374804 0.0731276 -0.3365618 -0.2253294 0.9113754
1305031468.795796 0.0301678 0.1282981 -0.3339257 0.0814354 -0.3548639 -0.2350687 0.9012118
1305031468.928141 0.0172045 0.0987232 -0.3234808 0.0880160 -0.3467851 -0.2422827 0.9018272
1305031469.059832 -0.0097265 0.0839591 -0.3138534 0.0377714 -0.3282097 -0.2648380 0.9059319
1305031469.195540 -0.0210166 0.0636014 -0.2762466 0.0017587 -0.3044693 -0.3017742 0.9034532
1305031469.359592 -0.0442869 0.0559415 -0.2320215 -0.0240233 -0.2827781 -0.3220202 0.9031957
1305031469.495744 -0.0684433 0.0757198 -0.1972060 -0.0192721 -0.2419447 -0.3444867 0.9068739
1305031469.659590 -0.0806108 0.1085559 -0.1453808 -0.0528614 -0.2373892 -0.3469486 0.9058028
1305031469.795621 -0.1013617 0.1551259 -0.1141350 -0.0724849 -0.2180830 -0.3414104 0.9113861
1305031469.927854 -0.1249889 0.2068611 -0.0935394 -0.0937299 -0.2199414 -0.3317639 0.9125641
1305031470.059638 -0.1545021 0.2618782 -0.0884966 -0.1011993 -0.2251079 -0.3257924 0.9126579
1305031470.196092 -0.1884370 0.3147498 -0.0985390 -0.1117088 -0.2227045 -0.3154202 0.9156604
1305031470.327644 -0.2238533 0.3587631 -0.1134537 -0.1345511 -0.2165645 -0.3057414 0.9173430
1305031470.427641 -0.2513803 0.3913876 -0.1249242 -0.1438069 -0.2181172 -0.2992476 0.9177120
1305031470.527689 -0.2794186 0.4144793 -0.1389871 -0.1435246 -0.2199220 -0.2974652 0.9179049
1305031470.627729 -0.3043069 0.4320774 -0.1497844 -0.1503222 -0.2164219 -0.2903875 0.9199130
1305031470.727654 -0.3293099 0.4477357 -0.1563473 -0.1562108 -0.2150810 -0.2817052 0.9219440
1305031470.827831 -0.3518389 0.4600904 -0.1621736 -0.1566251 -0.2041988 -0.2692842 0.9280396
1305031470.927684 -0.3735664 0.4640425 -0.1718791 -0.1484503 -0.2081660 -0.2555086 0.9323866
1305031471.159649 -0.4226520 0.4539422 -0.1999131 -0.1087231 -0.2052639 -0.2214723 0.9470988
1305031471.296068 -0.4448380 0.4524676 -0.2077493 -0.1085912 -0.1928893 -0.2037218 0.9536766
1305031471.895604 -0.4854391 0.4649434 -0.2508975 -0.1064977 -0.1167587 -0.1217288 0.9799019
1305031472.027638 -0.4951014 0.4753553 -0.2535858 -0.1189327 -0.0881884 -0.1115529 0.9826667
1305031472.159645 -0.5117620 0.4819936 -0.2523088 -0.1303237 -0.0700176 -0.1001027 0.9839171
1305031472.295671 -0.5209067 0.4781232 -0.2543796 -0.1197228 -0.0642133 -0.0890886 0.9867150
1305031472.427686 -0.5260706 0.4764806 -0.2571270 -0.1127697 -0.0668410 -0.0834862 0.9878489
1305031472.563587 -0.5263629 0.4642507 -0.2561235 -0.1091233 -0.0655306 -0.0823327 0.9884428
1305031472.827627 -0.5178938 0.4460923 -0.2507995 -0.0954460 -0.0715607 -0.0771820 0.9898546
1305031473.095695 -0.5173509 0.4418123 -0.2440492 -0.0946986 -0.0759803 -0.0734703 0.9898794
