1305031460.491504 0.0000000 0.0000000 0.0000000 -0.0000000 -0.0000000 -0.0000000 1.0000000
1305031460.659764 -0.0176188 -0.0055887 0.0038969 -0.0031335 0.0644199 0.0130182 0.9978331
1305031460.727675 -0.0246547 -0.0056455 0.0059748 -0.0059546 0.0771856 0.0120687 0.9969259
1305031460.759667 -0.0274108 -0.0069688 0.0072423 -0.0064837 0.0833834 0.0101007 0.9964452
1305031460.827660 -0.0343506 -0.0069721 0.0099231 -0.0078267 0.0936265 0.0046736 0.9955657
1305031461.159720 -0.0613135 -0.0234082 0.0290275 -0.0211692 0.1242987 -0.0066557 0.9919966
1305031461.227607 -0.0642824 -0.0241664 0.0325545 -0.0148275 0.1240907 -0.0136580 0.9920661
1305031461.327751 -0.0666219 -0.0269081 0.0379473 -0.0067156 0.1222092 -0.0270172 0.9921139
1305031461.391708 -0.0691418 -0.0275666 0.0426964 -0.0133663 0.1319124 -0.0334677 0.9906061
1305031461.491677 -0.0694194 -0.0332224 0.0473076 -0.0240988 0.1358197 -0.0348507 0.9898272
1305031461.559677 -0.0661280 -0.0345161 0.0471597 -0.0179726 0.1329353 -0.0391028 0.9901900
1305031461.627541 -0.0633121 -0.0349381 0.0470057 -0.0129087 0.1447795 -0.0427909 0.9884539
1305031461.691563 -0.0597601 -0.0339424 0.0470781 -0.0121539 0.1523921 -0.0375509 0.9875317
1305031461.759684 -0.0547306 -0.0338370 0.0463652 -0.0153088 0.1552672 -0.0288468 0.9873326
1305031461.827615 -0.0478971 -0.0326595 0.0449270 -0.0183538 0.1614762 -0.0202079 0.9864990
1305031461.891723 -0.0410122 -0.0246149 0.0431008 -0.0140815 0.1686602 0.0003149 0.9855736
1305031461.959703 -0.0316687 -0.0241445 0.0406318 -0.0281552 0.1691301 0.0130177 0.9851055
1305031462.191641 -0.0212607 -0.0074180 0.0381162 -0.0631226 0.1835450 0.0667653 0.9787079
1305031462.359732 -0.0192291 0.0040787 0.0361851 -0.0917028 0.1900230 0.0411792 0.9766198
1305031462.427635 -0.0190008 0.0104246 0.0356164 -0.1079329 0.1861788 0.0256917 0.9762315
1305031462.492008 -0.0166869 0.0157601 0.0333247 -0.1283222 0.1721389 0.0100216 0.9766275
1305031462.559862 -0.0161990 0.0194249 0.0305449 -0.1428275 0.1587003 -0.0054793 0.9769260
1305031462.692548 -0.0114632 0.0247958 0.0221092 -0.1449246 0.1376584 -0.0488101 0.9786034
1305031462.759782 -0.0071034 0.0281897 0.0168811 -0.1462647 0.1166401 -0.0728199 0.9796423
1305031462.827816 -0.0011098 0.0320565 0.0111741 -0.1470664 0.1004142 -0.0885777 0.9800217
1305031462.927607 0.0114782 0.0328940 0.0026471 -0.1522194 0.0849964 -0.0999309 0.9796013
1305031463.027667 0.0206202 0.0319961 -0.0045901 -0.1442354 0.0674952 -0.1127058 0.9807844
1305031463.127550 0.0324471 0.0307665 -0.0121886 -0.1354951 0.0417460 -0.1384634 0.9801664
1305031463.227784 0.0444631 0.0292142 -0.0179566 -0.1284410 0.0258499 -0.1586623 0.9786015
1305031463.327739 0.0559907 0.0259922 -0.0222624 -0.1212438 0.0114553 -0.1695799 0.9779629
1305031463.427716 0.0686587 0.0224053 -0.0245451 -0.1153172 -0.0099900 -0.1777698 0.9772411
1305031463.527670 0.0843507 0.0153291 -0.0250014 -0.1142120 -0.0163058 -0.1830938 0.9763024
1305031463.627588 0.0947310 0.0073351 -0.0271318 -0.1138986 -0.0202758 -0.1828853 0.9763038
1305031463.727588 0.1078428 -0.0030340 -0.0294554 -0.1042487 -0.0309246 -0.1887750 0.9759815
1305031463.827761 0.1174410 -0.0156237 -0.0341111 -0.0871435 -0.0338809 -0.2126401 0.9726471
1305031463.927664 0.1249880 -0.0300795 -0.0399170 -0.0768029 -0.0384727 -0.2351911 0.9681458
1305031464.027703 0.1321571 -0.0440103 -0.0462580 -0.0707166 -0.0555070 -0.2546559 0.9628440
1305031464.127681 0.1355636 -0.0574443 -0.0539086 -0.0607678 -0.0611699 -0.2761629 0.9572354
1305031464.227624 0.1375967 -0.0667688 -0.0617020 -0.0459102 -0.0928130 -0.2780270 0.9549759
1305031464.327866 0.1448030 -0.0771431 -0.0658955 -0.0548362 -0.1433858 -0.2872007 0.9454889
1305031464.427634 0.1547509 -0.0921439 -0.0686617 -0.0505990 -0.1704038 -0.3052303 0.9355409
1305031464.559703 0.1661690 -0.1109503 -0.0736737 -0.0440955 -0.1861150 -0.3355572 0.9223980
1305031464.695663 0.1713419 -0.1362028 -0.0840834 0.0100875 -0.1725832 -0.3736290 0.9113258
1305031464.796021 0.1724687 -0.1395707 -0.0869629 0.0589778 -0.1903215 -0.4083837 0.8907986
1305031464.895817 0.1782348 -0.1400049 -0.0813539 0.0719643 -0.2428004 -0.4461150 0.8584000
1305031465.027823 0.1760093 -0.1616821 -0.0689894 0.0823046 -0.2735516 -0.5048409 0.8145742
1305031465.127664 0.1912229 -0.1572740 -0.0463979 0.0761142 -0.3051749 -0.5428513 0.7787088
1305031465.259807 0.1905584 -0.1602021 -0.0242061 0.0177161 -0.3161432 -0.5777828 0.7522677
1305031465.395586 0.1988732 -0.1635950 -0.0023827 -0.0365545 -0.3576985 -0.5429268 0.7589111
1305031465.527622 0.2154115 -0.1762691 0.0176719 -0.0723766 -0.4000085 -0.5066149 0.7603263
1305031465.695668 0.2421599 -0.1920768 0.0408390 -0.0861601 -0.4470828 -0.4571382 0.7640145
1305031465.795937 0.2602846 -0.1983503 0.0555254 -0.0856081 -0.4673564 -0.4259947 0.7699206
1305031465.895494 0.2801473 -0.2040133 0.0725307 -0.0745012 -0.4828940 -0.4021814 0.7742823
1305031465.959710 0.2907018 -0.2066827 0.0820914 -0.0552795 -0.4807617 -0.3954537 0.7806591
1305031466.027644 0.3040357 -0.2067991 0.0877155 -0.0375561 -0.4807197 -0.3935691 0.7826887
1305031466.127640 0.3227549 -0.2060564 0.0960892 -0.0463653 -0.4813549 -0.3945144 0.7813490
1305031466.195833 0.3350357 -0.2071298 0.0985258 -0.0621527 -0.4868527 -0.3953378 0.7764145
1305031466.295737 0.3476909 -0.2195850 0.1066588 -0.0700408 -0.4938088 -0.4182656 0.7591450
1305031466.359829 0.3575830 -0.2253263 0.1084563 -0.0594427 -0.4791371 -0.4345396 0.7603089
1305031466.527538 0.3757913 -0.2424578 0.1177405 -0.0604270 -0.4869098 -0.4450181 0.7491504
1305031466.595936 0.3851379 -0.2460848 0.1242822 -0.0615548 -0.4816583 -0.4525597 0.7479345
1305031466.659688 0.3876704 -0.2548362 0.1317965 -0.0595853 -0.4798089 -0.4603016 0.7445505
1305031466.728074 0.3953709 -0.2595634 0.1392500 -0.0575196 -0.4832481 -0.4732405 0.7343066
1305031466.795604 0.3993722 -0.2660532 0.1449220 -0.0459062 -0.4889593 -0.4811483 0.7261596
1305031466.895694 0.4057660 -0.2737878 0.1509986 -0.0548531 -0.5039606 -0.4820183 0.7146140
1305031466.959728 0.4096443 -0.2810521 0.1582894 -0.0651982 -0.5261562 -0.4804672 0.6986130
1305031467.095687 0.4173467 -0.2939382 0.1696872 -0.0653443 -0.5386122 -0.4904920 0.6819417
1305031467.195663 0.4209644 -0.3008330 0.1765702 -0.0576384 -0.5494413 -0.5035962 0.6642160
1305031467.295846 0.4257586 -0.3085971 0.1835502 -0.0543480 -0.5659918 -0.5103573 0.6451628
1305031467.359654 0.4308985 -0.3133139 0.1879294 -0.0564557 -0.5749179 -0.5132225 0.6347321
1305031467.427783 0.4328106 -0.3189039 0.1932282 -0.0649633 -0.5823166 -0.5205048 0.6210973
1305031467.496058 0.4375100 -0.3252812 0.1975061 -0.0715006 -0.5907851 -0.5242569 0.6091102
1305031467.595989 0.4395879 -0.3327532 0.2056382 -0.0742213 -0.5942715 -0.5309714 0.5995014
1305031467.695886 0.4372446 -0.3405905 0.2134897 -0.0758135 -0.6097887 -0.5211851 0.5922636
1305031467.796075 0.4312501 -0.3459063 0.2208945 -0.0650204 -0.6215767 -0.5205145 0.5817899
1305031467.895947 0.4211644 -0.3495544 0.2279748 -0.0628605 -0.6384451 -0.5087273 0.5741367
1305031467.995754 0.4102241 -0.3518164 0.2387700 -0.0591416 -0.6565731 -0.5028431 0.5590733
1305031468.095867 0.3959049 -0.3527076 0.2467881 -0.0565384 -0.6637977 -0.5046508 0.5490935
1305031468.195985 0.3810588 -0.3554093 0.2548459 -0.0576029 -0.6681523 -0.5091701 0.5394443
1305031468.295830 0.3636477 -0.3620470 0.2618564 -0.0643295 -0.6646723 -0.5126033 0.5397317
1305031468.395860 0.3494518 -0.3683773 0.2662029 -0.0657403 -0.6614932 -0.5098119 0.5460739
1305031468.495809 0.3345157 -0.3763110 0.2672026 -0.0757663 -0.6562826 -0.5150791 0.5461192
1305031468.595768 0.3212626 -0.3820139 0.2623551 -0.0609662 -0.6568520 -0.5270351 0.5357822
1305031468.695835 0.3070465 -0.3870956 0.2541853 -0.0672967 -0.6588397 -0.5342616 0.5253246
1305031468.795796 0.2941445 -0.3913724 0.2495531 -0.0661916 -0.6696998 -0.5329660 0.5129017
1305031468.895873 0.2858894 -0.3936142 0.2485435 -0.0532727 -0.6725559 -0.5367103 0.5067275
1305031469.027699 0.2781003 -0.3908543 0.2456132 -0.0757861 -0.6403366 -0.5662550 0.5134012
1305031469.127679 0.2681502 -0.3889991 0.2465277 -0.0873487 -0.6179724 -0.6041087 0.4955129
1305031469.259586 0.2577420 -0.3818040 0.2471708 -0.0855820 -0.5862920 -0.6347306 0.4960388
1305031469.359592 0.2513611 -0.3771349 0.2523654 -0.0900693 -0.5712329 -0.6496256 0.4935253
1305031469.459668 0.2479984 -0.3680246 0.2566699 -0.0651590 -0.5482090 -0.6672135 0.5000474
1305031469.559645 0.2476951 -0.3574958 0.2624356 -0.0686874 -0.5410318 -0.6730274 0.4996005
1305031469.695613 0.2467614 -0.3441834 0.2707628 -0.0861428 -0.5210047 -0.6852634 0.5015453
1305031469.795621 0.2496843 -0.3307786 0.2744260 -0.0953756 -0.5025364 -0.6896943 0.5125256
1305031469.927854 0.2560847 -0.3127252 0.2768442 -0.1166111 -0.4931773 -0.6901434 0.5166045
1305031470.027694 0.2626872 -0.2997639 0.2759531 -0.1253226 -0.4939873 -0.6878008 0.5169148
1305031470.127633 0.2699623 -0.2880971 0.2725595 -0.1325392 -0.4887267 -0.6876360 0.5203232
1305031470.259965 0.2795239 -0.2740293 0.2656610 -0.1485063 -0.4806081 -0.6859672 0.5257479
1305031470.395823 0.2889774 -0.2600099 0.2578608 -0.1693159 -0.4687160 -0.6836805 0.5331213
1305031470.495686 0.2944764 -0.2508939 0.2509134 -0.1704819 -0.4710832 -0.6819488 0.5328811
1305031470.627729 0.2989432 -0.2417325 0.2422035 -0.1780483 -0.4656116 -0.6798463 0.5378789
1305031470.759682 0.3010065 -0.2336607 0.2343655 -0.1879877 -0.4573630 -0.6760815 0.5462540
1305031470.859645 0.3024622 -0.2274757 0.2293681 -0.1856792 -0.4561320 -0.6657873 0.5605302
1305031470.995996 0.3006178 -0.2231730 0.2186469 -0.1821991 -0.4657039 -0.6507538 0.5713518
1305031471.127663 0.2991255 -0.2195271 0.2093402 -0.1656861 -0.4743476 -0.6288303 0.5933927
1305031471.259722 0.2992948 -0.2167644 0.2034933 -0.1639464 -0.4725674 -0.6127484 0.6118341
1305031471.527624 0.2983981 -0.2138162 0.1930045 -0.1613823 -0.4561685 -0.5888184 0.6474248
1305031471.759702 0.3000598 -0.2143415 0.1866271 -0.1579213 -0.4331185 -0.5756906 0.6753144
1305031471.995573 0.3049257 -0.2100324 0.1840131 -0.1624200 -0.3939980 -0.5579948 0.7120584
1305031472.159645 0.3054168 -0.2036641 0.1809131 -0.1704705 -0.3655458 -0.5549922 0.7275299
1305031472.395599 0.3040509 -0.2018781 0.1765323 -0.1593608 -0.3674195 -0.5384347 0.7414142
1305031472.963756 0.2949902 -0.2089968 0.1785123 -0.1525221 -0.3856334 -0.5199557 0.7467731
