1305031453.523684 0.0000000 0.0000000 0.0000000 -0.0000000 -0.0000000 -0.0000000 1.0000000
1305031453.691678 -0.0003104 0.0257808 -0.0644273 0.0350517 -0.0058028 0.0102682 0.9993159
1305031453.727652 -0.0046141 0.0325873 -0.0771688 0.0391298 -0.0112170 0.0057419 0.9991547
1305031453.759694 -0.0089890 0.0382848 -0.0891809 0.0435534 -0.0207633 -0.0015956 0.9988341
1305031453.791716 -0.0120093 0.0419893 -0.1015353 0.0462901 -0.0307726 -0.0093949 0.9984097
1305031453.891710 -0.0418069 0.0637552 -0.1330650 0.0503995 -0.0633015 -0.0292169 0.9962927
1305031453.927723 -0.0517535 0.0697689 -0.1383795 0.0478235 -0.0809501 -0.0339537 0.9949910
1305031453.959641 -0.0522872 0.0722705 -0.1424101 0.0443339 -0.1005477 -0.0415557 0.9930749
1305031453.991624 -0.0571614 0.0717535 -0.1475757 0.0414950 -0.1135873 -0.0534218 0.9912226
1305031454.027662 -0.0671578 0.0754297 -0.1506291 0.0439456 -0.1254691 -0.0636825 0.9890758
1305031454.059654 -0.0764406 0.0811745 -0.1553188 0.0454831 -0.1365542 -0.0750024 0.9867415
1305031454.091651 -0.0877544 0.0805680 -0.1607652 0.0443331 -0.1473114 -0.0888206 0.9840960
1305031454.127701 -0.0958046 0.0823685 -0.1627532 0.0475756 -0.1622078 -0.1028093 0.9802324
1305031454.291639 -0.1377170 0.0983043 -0.1775530 0.0518345 -0.2285990 -0.1740248 0.9564366
1305031454.359636 -0.1551026 0.0995794 -0.1799877 0.0586806 -0.2499900 -0.2043990 0.9446071
1305031454.391677 -0.1597161 0.1056288 -0.1833813 0.0609903 -0.2572234 -0.2153844 0.9400670
1305031454.427465 -0.1676148 0.1079944 -0.1860798 0.0622174 -0.2693017 -0.2302775 0.9330477
1305031454.591635 -0.1828183 0.1351420 -0.1963098 0.0646398 -0.3056610 -0.3060094 0.8993060
1305031454.659528 -0.1803695 0.1514030 -0.1990269 0.0601074 -0.3303405 -0.3243372 0.8843459
1305031454.727659 -0.1743890 0.1571348 -0.2020843 0.0476660 -0.3571958 -0.3350886 0.8705485
1305031454.759732 -0.1680945 0.1591036 -0.1981079 0.0400509 -0.3646035 -0.3296696 0.8699300
1305031454.959648 -0.1445812 0.1986628 -0.1967141 0.0144076 -0.3505931 -0.2894864 0.8905473
1305031455.159720 -0.1633047 0.2506525 -0.2262515 0.0150174 -0.3255194 -0.2739303 0.9048612
1305031455.259631 -0.1818368 0.2776870 -0.2407501 0.0100482 -0.3118219 -0.2571809 0.9146169
1305031455.327766 -0.2018543 0.2926156 -0.2538641 -0.0044215 -0.2995499 -0.2382530 0.9238430
1305031455.559669 -0.2785141 0.3178022 -0.3036453 -0.0501860 -0.2615070 -0.1738692 0.9480849
1305031455.627617 -0.3041046 0.3207976 -0.3211970 -0.0593909 -0.2573001 -0.1481293 0.9530620
1305031455.827590 -0.3830259 0.3158169 -0.3907825 -0.0440710 -0.2280877 -0.1518522 0.9607157
1305031455.891657 -0.4038182 0.3107834 -0.4117957 -0.0437524 -0.2216948 -0.1538211 0.9619128
1305031456.059713 -0.4502718 0.3050313 -0.4528566 -0.0563415 -0.1934923 -0.1730489 0.9640749
1305031456.127645 -0.4730028 0.2941975 -0.4625779 -0.0639207 -0.1822160 -0.1803635 0.9644586
1305031456.191658 -0.4932640 0.2767403 -0.4682140 -0.0632943 -0.1677070 -0.1800291 0.9671906
1305031456.259614 -0.5092437 0.2766227 -0.4721385 -0.0588840 -0.1459383 -0.1744600 0.9720075
1305031456.327718 -0.5324490 0.2661965 -0.4715531 -0.0530752 -0.1230437 -0.1643834 0.9772519
1305031457.059621 -0.7755787 0.3497006 -0.3516236 -0.0927170 -0.0219377 -0.0319671 0.9949374
1305031457.127632 -0.7978314 0.3403674 -0.3477265 -0.1086536 -0.0070296 -0.0254494 0.9937290
1305031457.259691 -0.8410546 0.3315933 -0.3602659 -0.1108222 0.0242235 -0.0017999 0.9935434
1305031457.391684 -0.8906137 0.3296099 -0.3910952 -0.0915345 0.0689978 0.0225073 0.9931537
1305031457.527638 -0.9436621 0.3153477 -0.4213123 -0.0834688 0.0891421 0.0409033 0.9916721
1305031457.659632 -0.9974068 0.3068956 -0.4507448 -0.0713473 0.1064138 0.0553599 0.9902126
1305031457.759556 -1.0303303 0.2795251 -0.4610381 -0.0793338 0.1108749 0.0547769 0.9891473
1305031457.827699 -1.0501360 0.2683303 -0.4726630 -0.0616401 0.1225577 0.0545386 0.9890428
1305031457.891593 -1.0780238 0.2395753 -0.4732459 -0.0578198 0.1405084 0.0538018 0.9869244
1305031457.991644 -1.1184276 0.2336384 -0.4757657 -0.0295874 0.1493750 0.0625521 0.9863564
1305031458.091690 -1.1532239 0.2338066 -0.4689474 -0.0089671 0.1628663 0.0678102 0.9842743
1305031458.159638 -1.1831858 0.2200727 -0.4479744 -0.0104850 0.1730911 0.0695161 0.9823936
1305031458.259934 -1.2302448 0.1958294 -0.4086354 -0.0247983 0.1759573 0.0723620 0.9814214
1305031458.327628 -1.2588634 0.1970467 -0.3855907 -0.0119035 0.1689435 0.0739693 0.9827741
1305031458.391626 -1.2778217 0.1837361 -0.3606711 0.0048464 0.1627006 0.0785085 0.9835352
1305031458.459637 -1.2773088 0.1747643 -0.3387269 0.0226141 0.1640990 0.0952392 0.9815751
1305031458.527737 -1.2942239 0.1925643 -0.3078845 0.0683070 0.1863521 0.0900042 0.9759643
1305031458.627659 -1.3152661 0.2284932 -0.2521080 0.0966718 0.2039529 0.0753003 0.9712815
1305031458.727650 -1.3269773 0.2274787 -0.1998126 0.0794509 0.1742912 0.0612943 0.9795679
1305031458.791632 -1.3297386 0.2484269 -0.1733641 0.0877357 0.1441988 0.0374434 0.9849402
1305031458.859887 -1.3139986 0.2319104 -0.1549005 0.0763823 0.1252742 0.0366274 0.9884992
1305031458.927621 -1.3165170 0.2467795 -0.1416979 0.0860917 0.1315336 0.0333240 0.9870039
1305031458.991647 -1.3376381 0.2169674 -0.1233536 0.0736595 0.1476959 0.0512633 0.9849529
1305031459.059631 -1.3749257 0.2065797 -0.1091904 0.0918308 0.1430240 0.0594882 0.9836526
1305031459.127618 -1.4258273 0.1834888 -0.1022154 0.1080348 0.1113273 0.0744985 0.9850811
1305031459.191674 -1.4383160 0.1873761 -0.0764567 0.1238471 0.0679742 0.0820691 0.9865628
1305031459.327632 -1.4489955 0.2061124 -0.0432057 0.1271496 0.0784288 0.1302582 0.9801605
1305031459.391667 -1.4609512 0.2210774 -0.0416370 0.1300499 0.1245814 0.1880518 0.9655067
1305031459.459679 -1.4698077 0.2310308 -0.0172416 0.1221222 0.1940916 0.2629825 0.9371525
1305031459.527594 -1.5054085 0.2465789 0.0091049 0.1127801 0.2450495 0.3205042 0.9080245
1305031459.591695 -1.5430460 0.2538465 0.0238397 0.1148573 0.2735161 0.3555057 0.8863478
1305031459.659641 -1.5621617 0.2526543 0.0334075 0.1126641 0.2828061 0.3652963 0.8797081
1305031459.727551 -1.5878506 0.2359648 0.0423499 0.1001894 0.3045213 0.3749680 0.8698436
1305031459.827664 -1.6301439 0.2014895 0.0589854 0.0971854 0.3199927 0.3668754 0.8680796
1305031459.959650 -1.6698403 0.1556897 0.0842673 0.0842673 0.3140938 0.3755290 0.8678837
1305031460.027565 -1.6797650 0.1289539 0.0937419 0.0773579 0.3126789 0.3851005 0.8648383
1305031460.091717 -1.6984251 0.0994086 0.1078530 0.0781614 0.3132090 0.3932413 0.8609020
1305031460.159678 -1.7055930 0.0776727 0.1163405 0.0900884 0.2957489 0.4105284 0.8578364
1305031460.227761 -1.6965036 0.0635285 0.1271075 0.0898726 0.2848315 0.4225423 0.8557172
1305031460.491504 -1.6994059 0.0025836 0.1666436 0.0798692 0.3651177 0.4432786 0.8147479
1305031460.559647 -1.6944664 -0.0224940 0.1779157 0.0630102 0.3862712 0.4584904 0.7978790
1305031460.627625 -1.6949433 -0.0408852 0.1898260 0.0557124 0.4049874 0.4613333 0.7874344
1305031460.691671 -1.7023559 -0.0610805 0.2081608 0.0497917 0.4215483 0.4607440 0.7794439
1305031460.791660 -1.7017324 -0.0879521 0.2305580 0.0374483 0.4347940 0.4587932 0.7739900
1305031460.959649 -1.6859086 -0.1314057 0.2670424 0.0061047 0.4474958 0.4560508 0.7692385
1305031461.192013 -1.6517290 -0.1883798 0.3097873 0.0059036 0.4567100 0.4491428 0.7678879
1305031461.327751 -1.6331480 -0.2008156 0.3269467 0.0081135 0.4611005 0.4328662 0.7745628
1305031461.459781 -1.6161344 -0.2042528 0.3461217 -0.0073176 0.4662875 0.4299711 0.7730765
1305031461.527705 -1.6006978 -0.2126581 0.3444843 -0.0092809 0.4663810 0.4300403 0.7729605
1305031461.591690 -1.5930675 -0.2066482 0.3326842 -0.0111681 0.4717839 0.4234221 0.7733104
1305031461.691563 -1.5902395 -0.1907955 0.3270917 -0.0138829 0.4828438 0.4267774 0.7645457
1305031461.759684 -1.5859492 -0.1772925 0.3169585 -0.0145658 0.4827043 0.4347829 0.7600976
1305031461.859767 -1.5903540 -0.1391903 0.3028744 -0.0105240 0.4900966 0.4471968 0.7481375
1305031461.959703 -1.5951952 -0.0997482 0.2848169 -0.0156019 0.4870512 0.4707769 0.7354637
1305031462.027675 -1.6089888 -0.0801386 0.2884348 -0.0246886 0.4940337 0.4884633 0.7188357
1305031462.159646 -1.6194963 -0.0517658 0.2824226 -0.0287223 0.4753454 0.5273412 0.7036569
1305031462.259765 -1.6355184 -0.0351760 0.2865469 -0.0451422 0.4753236 0.5260879 0.7037480
1305031462.327540 -1.6469454 -0.0193182 0.2873982 -0.0570877 0.4689654 0.5187286 0.7125539
1305031462.391695 -1.6612345 -0.0081125 0.2941617 -0.0734366 0.4640981 0.5110922 0.7197255
1305031462.459897 -1.6740761 0.0025421 0.2981200 -0.0899442 0.4500057 0.5054486 0.7307028
1305031462.527670 -1.6869590 0.0081996 0.3009503 -0.1081532 0.4357678 0.5008080 0.7400004
1305031462.659660 -1.7093216 0.0267595 0.2806231 -0.1225761 0.4125114 0.4690167 0.7712540
1305031462.727652 -1.7252603 0.0358189 0.2724273 -0.1225351 0.4054645 0.4488845 0.7868205
1305031462.791943 -1.7397015 0.0519574 0.2540728 -0.1230229 0.3905204 0.4303107 0.8044824
1305031462.859782 -1.7495021 0.0757406 0.2314444 -0.1237622 0.3758288 0.4191450 0.8171617
1305031462.959676 -1.7559686 0.1008751 0.1958665 -0.1206199 0.3681443 0.4114801 0.8249877
1305031463.027667 -1.7573144 0.1143693 0.1709499 -0.1101785 0.3604013 0.3995970 0.8356398
1305031463.127550 -1.7603099 0.1347168 0.1337076 -0.1022971 0.3477326 0.3729078 0.8541412
1305031463.227784 -1.7555425 0.1576964 0.0964620 -0.0977041 0.3383022 0.3521851 0.8671627
1305031463.327739 -1.7449192 0.1777018 0.0621917 -0.0897235 0.3302079 0.3393034 0.8762338
1305031463.427716 -1.7285843 0.2022500 0.0302593 -0.0782285 0.3160884 0.3274322 0.8869930
1305031463.527670 -1.6987050 0.2266270 -0.0060540 -0.0763335 0.3132544 0.3225356 0.8899526
1305031463.627588 -1.6734347 0.2368312 -0.0410401 -0.0741295 0.3089838 0.3226934 0.8915733
1305031463.727588 -1.6453201 0.2479074 -0.0833641 -0.0633880 0.3069122 0.3129431 0.8965787
1305031463.859910 -1.5966738 0.2365962 -0.1507379 -0.0602743 0.3078845 0.2786045 0.9077190
1305031463.959680 -1.5744224 0.2256602 -0.1944595 -0.0560965 0.3045613 0.2574103 0.9153336
1305031464.127681 -1.5445346 0.1932331 -0.2718416 -0.0509928 0.2972027 0.2184963 0.9280785
1305031464.259644 -1.5428100 0.1788303 -0.3146606 -0.0167219 0.2660741 0.2044306 0.9418775
1305031464.559703 -1.4470843 0.1656671 -0.4407548 -0.0012442 0.1988142 0.1397628 0.9700195
1305031464.759740 -1.4058875 0.1199657 -0.5196962 0.0478004 0.2390312 0.0485415 0.9686191
1305031464.927799 -1.3597517 0.1034111 -0.5265545 0.0593046 0.1706456 -0.0412343 0.9826815
1305031465.095700 -1.2889897 0.1541191 -0.4819445 0.0798804 0.1376213 -0.1326338 0.9783087
1305031465.259807 -1.2082011 0.1696778 -0.4377913 0.0048964 0.0776967 -0.1666516 0.9829377
1305031465.460125 -1.0933142 0.2135476 -0.4105815 -0.0003636 -0.0123084 -0.0931113 0.9955795
1305031465.660060 -0.9728109 0.2671781 -0.4268705 0.0179733 -0.0689888 -0.0447133 0.9964529
1305031465.859861 -0.8342074 0.3497508 -0.4390672 0.0646608 -0.1068807 0.0024347 0.9921641
1305031466.059757 -0.7254415 0.4555621 -0.4486663 0.1030388 -0.0861106 0.0057171 0.9909265
1305031466.227951 -0.6614004 0.5223869 -0.4791130 0.0711719 -0.1174764 0.0030388 0.9905174
1305031466.359829 -0.5945656 0.5455104 -0.5173954 0.0661063 -0.1018677 -0.0306222 0.9921266
1305031466.560353 -0.5015973 0.5748687 -0.5581023 0.0634589 -0.1085486 -0.0454566 0.9910216
1305031466.695822 -0.4353090 0.5907052 -0.5662286 0.0577323 -0.1055454 -0.0645290 0.9906378
1305031466.827879 -0.3680753 0.6024733 -0.5725824 0.0593588 -0.1164436 -0.0920121 0.9871430
1305031466.995712 -0.2955506 0.6015487 -0.5794156 0.0605504 -0.1664388 -0.1000711 0.9790902
1305031467.159660 -0.2273099 0.6017885 -0.5842432 0.0629527 -0.1825144 -0.1317454 0.9723007
1305031467.295846 -0.1802766 0.6051632 -0.5872873 0.0707767 -0.2055766 -0.1522343 0.9641337
1305031467.427783 -0.1280913 0.6080917 -0.5939489 0.0631512 -0.2318818 -0.1690792 0.9558530
1305031467.559763 -0.0749656 0.6072250 -0.5977679 0.0554265 -0.2510878 -0.1863522 0.9482382
1305031467.695886 -0.0335606 0.5921050 -0.5862609 0.0645940 -0.2692569 -0.1805677 0.9437816
1305031467.827800 -0.0062721 0.5551315 -0.5576712 0.0795717 -0.2819246 -0.1911082 0.9368376
1305031467.959826 0.0099799 0.5166391 -0.5142602 0.0967651 -0.3097034 -0.1894853 0.9267231
1305031468.095867 0.0223100 0.4851313 -0.4558213 0.1069704 -0.3224570 -0.1980193 0.9194385
1305031468.195985 0.0304450 0.4453501 -0.4152492 0.1050997 -0.3302775 -0.2065933 0.9149809
1305031468.327847 0.0445028 0.3694606 -0.3696911 0.0953542 -0.3294219 -0.2057250 0.9165512
1305031468.459759 0.0491899 0.3093252 -0.3445796 0.0866280 -0.3263509 -0.2004698 0.9196752
1305031468.595768 0.0387340 0.2470528 -0.3367842 0.0902556 -0.3221245 -0.2210633 0.9160900
1305031468.727785 0.0123545 0.1843313 -0.3367701 0.0860757 -0.3360280 -0.2302240 0.9092156
1305031468.859659 -0.0022548 0.1381569 -0.3278186 0.1004866 -0.3457003 -0.2430641 0.9007295
1305031469.027699 -0.0254493 0.1152593 -0.3139429 0.0570960 -0.3203469 -0.2554400 0.9104221
1305031469.327618 -0.0739290 0.0820912 -0.2438838 -0.0117577 -0.2728767 -0.3156618 0.9087121
1305031469.527622 -0.0989209 0.1043755 -0.1873429 -0.0172859 -0.2282930 -0.3439642 0.9106438
1305031469.695613 -0.1143896 0.1372089 -0.1344176 -0.0530637 -0.2181471 -0.3464411 0.9108099
1305031469.827526 -0.1312256 0.1809414 -0.1028356 -0.0759056 -0.2071428 -0.3377142 0.9150297
1305031469.959805 -0.1561419 0.2384087 -0.0836264 -0.0910269 -0.2111437 -0.3262143 0.9169061
1305031470.095944 -0.1878013 0.2928001 -0.0821147 -0.0979344 -0.2120631 -0.3207568 0.9179069
1305031470.227618 -0.2235043 0.3441378 -0.0931280 -0.1108698 -0.2091508 -0.3098534 0.9208446
1305031470.327644 -0.2503528 0.3788235 -0.1028277 -0.1276608 -0.2043290 -0.3019947 0.9223620
1305031470.427641 -0.2782561 0.4114803 -0.1140728 -0.1369230 -0.2057572 -0.2946477 0.9230919
1305031470.559677 -0.3148895 0.4396665 -0.1301618 -0.1388864 -0.2072475 -0.2933607 0.9228752
1305031470.659690 -0.3390532 0.4558391 -0.1382229 -0.1464402 -0.2051935 -0.2825100 0.9255480
1305031470.759682 -0.3642343 0.4664818 -0.1453738 -0.1540638 -0.2001217 -0.2754426 0.9275489
1305031470.895722 -0.3944513 0.4812720 -0.1531284 -0.1446440 -0.1946153 -0.2565994 0.9356066
1305031471.859665 -0.5147371 0.4773356 -0.2316183 -0.0985595 -0.1104842 -0.1250647 0.9810393
1305031471.995573 -0.5210121 0.4893798 -0.2346063 -0.1052748 -0.0852515 -0.1100449 0.9846520
1305031472.127594 -0.5358697 0.5029588 -0.2348931 -0.1165646 -0.0626428 -0.0966122 0.9864860
1305031472.263840 -0.5481797 0.4963102 -0.2343027 -0.1191756 -0.0567460 -0.0878146 0.9873528
1305031472.395599 -0.5542343 0.4964361 -0.2375949 -0.1063075 -0.0545782 -0.0801541 0.9895935
1305031472.595675 -0.5531348 0.4814297 -0.2389770 -0.0968196 -0.0586484 -0.0760943 0.9906543
1305031472.763578 -0.5466915 0.4662840 -0.2343034 -0.0935483 -0.0642739 -0.0726053 0.9908814
1305031472.927685 -0.5465460 0.4595241 -0.2290587 -0.0877568 -0.0645796 -0.0689247 0.9916540
