1305031453.523684 0.0000000 0.0000000 0.0000000 -0.0000000 -0.0000000 -0.0000000 1.0000000
1305031453.691678 0.0019129 0.0257345 -0.0626918 0.0353789 -0.0068157 0.0102228 0.9992985
1305031453.727652 -0.0027204 0.0326517 -0.0748471 0.0396141 -0.0120160 0.0057317 0.9991264
1305031453.759694 -0.0097340 0.0389845 -0.0856261 0.0443635 -0.0201708 -0.0018812 0.9988101
1305031453.827773 -0.0168150 0.0483543 -0.1081667 0.0496371 -0.0386909 -0.0155675 0.9978963
1305031453.891710 -0.0447358 0.0642661 -0.1298485 0.0513588 -0.0619451 -0.0299331 0.9963077
1305031453.927723 -0.0474188 0.0646191 -0.1376124 0.0466104 -0.0826381 -0.0335410 0.9949238
1305031453.991624 -0.0479089 0.0675660 -0.1444890 0.0408910 -0.1171118 -0.0531247 0.9908534
1305031454.027662 -0.0482771 0.0676257 -0.1488689 0.0420247 -0.1331317 -0.0627414 0.9882173
1305031454.059654 -0.0608013 0.0756593 -0.1529673 0.0444208 -0.1426117 -0.0742242 0.9859917
1305031454.091651 -0.0735619 0.0756210 -0.1560322 0.0438756 -0.1528973 -0.0884244 0.9832998
1305031454.127701 -0.0822724 0.0763630 -0.1618148 0.0463790 -0.1670613 -0.1024783 0.9795089
1305031454.227671 -0.1148115 0.0796946 -0.1717684 0.0445467 -0.2128503 -0.1469507 0.9649435
1305031454.359636 -0.1386103 0.0919431 -0.1793885 0.0573815 -0.2555278 -0.2024960 0.9436145
1305031454.427465 -0.1513507 0.0993760 -0.1856401 0.0611408 -0.2750411 -0.2298962 0.9315374
1305031454.527700 -0.1582723 0.1170678 -0.1898330 0.0689694 -0.2962149 -0.2743305 0.9122734
1305031454.591635 -0.1648084 0.1274369 -0.1953052 0.0645779 -0.3115440 -0.3041310 0.8979278
1305031454.659528 -0.1634954 0.1438024 -0.1980018 0.0600529 -0.3357166 -0.3229434 0.8828339
1305031454.727659 -0.1577188 0.1512662 -0.1985830 0.0485330 -0.3633324 -0.3334340 0.8685942
1305031454.859620 -0.1351468 0.1666653 -0.1914705 0.0230170 -0.3729419 -0.3069741 0.8753008
1305031455.191655 -0.1549361 0.2518969 -0.2304064 0.0122343 -0.3253531 -0.2672967 0.9069444
1305031455.327766 -0.1852021 0.2848771 -0.2531988 -0.0040497 -0.3044081 -0.2367711 0.9226369
1305031455.427642 -0.2109930 0.2999958 -0.2690685 -0.0306843 -0.2838582 -0.2153338 0.9338707
1305031455.559669 -0.2619900 0.3103783 -0.3055365 -0.0495232 -0.2645759 -0.1733101 0.9473704
1305031455.859526 -0.3729755 0.3040158 -0.4012757 -0.0441393 -0.2295596 -0.1522888 0.9602928
1305031456.027770 -0.4133937 0.3020429 -0.4475925 -0.0463016 -0.2058830 -0.1625675 0.9638673
1305031456.091707 -0.4405176 0.2898304 -0.4576010 -0.0624021 -0.1915809 -0.1782809 0.9631296
1305031456.259614 -0.4846260 0.2659897 -0.4725375 -0.0599326 -0.1508482 -0.1737386 0.9713228
1305031456.327718 -0.5060810 0.2553609 -0.4714930 -0.0544397 -0.1285657 -0.1632252 0.9766600
1305031456.391619 -0.5267528 0.2562904 -0.4667907 -0.0475666 -0.1026259 -0.1543168 0.9815252
1305031456.459610 -0.5568799 0.2761824 -0.4638056 -0.0340767 -0.0813421 -0.1403711 0.9861634
1305031457.027648 -0.7416538 0.3287901 -0.3559996 -0.0935517 -0.0311353 -0.0378883 0.9944059
1305031457.091655 -0.7604754 0.3366051 -0.3543908 -0.1041286 -0.0185026 -0.0286341 0.9939794
1305031457.191735 -0.7916185 0.3355735 -0.3612654 -0.1048658 0.0051675 -0.0119560 0.9944011
1305031457.559685 -0.9263362 0.3021918 -0.4345906 -0.0807985 0.0909596 0.0449552 0.9915528
1305031457.659632 -0.9677855 0.2971954 -0.4550515 -0.0724680 0.1031316 0.0558037 0.9904535
1305031457.759556 -1.0008703 0.2712881 -0.4650450 -0.0798640 0.1081215 0.0551056 0.9893911
1305031457.827699 -1.0197147 0.2611090 -0.4767394 -0.0617159 0.1195118 0.0549208 0.9893896
1305031457.891593 -1.0468462 0.2317563 -0.4779643 -0.0583650 0.1373075 0.0544337 0.9873080
1305031457.959632 -1.0800034 0.2355567 -0.4815583 -0.0339536 0.1465617 0.0614479 0.9867072
1305031458.059689 -1.1105536 0.2249085 -0.4766218 -0.0105726 0.1557682 0.0657153 0.9855486
1305031458.159638 -1.1532719 0.2125525 -0.4517081 -0.0111997 0.1712785 0.0692760 0.9827203
1305031458.259934 -1.1985180 0.1903637 -0.4103650 -0.0248334 0.1737012 0.0713535 0.9818960
1305031458.359590 -1.2381721 0.1695761 -0.3733598 -0.0112898 0.1643274 0.0744977 0.9835239
1305031458.459637 -1.2426494 0.1627166 -0.3456505 0.0198803 0.1614605 0.0955753 0.9820390
1305031458.527737 -1.2611302 0.1824546 -0.3164210 0.0660544 0.1838170 0.0907860 0.9765276
1305031458.627659 -1.2836299 0.2220345 -0.2583509 0.0961500 0.2024161 0.0745981 0.9717089
1305031458.727650 -1.2966889 0.2192311 -0.2104184 0.0783083 0.1728238 0.0608933 0.9799448
1305031458.791632 -1.2942674 0.2382460 -0.1862786 0.0856010 0.1401358 0.0380047 0.9856927
1305031458.859887 -1.2822956 0.2250153 -0.1656449 0.0757841 0.1232508 0.0364748 0.9888051
1305031458.927621 -1.2844386 0.2388171 -0.1520263 0.0848109 0.1296329 0.0325864 0.9873908
1305031458.991647 -1.3027548 0.2085643 -0.1327781 0.0724073 0.1447000 0.0515608 0.9854748
1305031459.059631 -1.3441576 0.2010254 -0.1137984 0.0913525 0.1431227 0.0572296 0.9838167
1305031459.127618 -1.3807336 0.1883870 -0.1018004 0.1112635 0.1074970 0.0704555 0.9854445
1305031459.191674 -1.4085711 0.1849810 -0.0838012 0.1243952 0.0676303 0.0808242 0.9866202
1305031459.259760 -1.4108771 0.1892307 -0.0735436 0.1260461 0.0483902 0.1018105 0.9855990
1305031459.327632 -1.4164038 0.1956279 -0.0622861 0.1241217 0.0761229 0.1323972 0.9804438
1305031459.391667 -1.4314848 0.2175691 -0.0397244 0.1322199 0.1266295 0.1743788 0.9675097
1305031459.459679 -1.4511759 0.2263248 -0.0278018 0.1242914 0.1997959 0.2536025 0.9382532
1305031459.527594 -1.4829364 0.2430786 0.0018356 0.1160745 0.2503693 0.3101985 0.9097356
1305031459.627608 -1.5195895 0.2400209 0.0085753 0.1083425 0.2749684 0.3651380 0.8827959
1305031459.791650 -1.5818834 0.2045849 0.0348865 0.0966450 0.3170227 0.3669126 0.8692132
1305031459.859660 -1.6070549 0.1860645 0.0508747 0.0916823 0.3194998 0.3634991 0.8702773
1305031459.927607 -1.6227868 0.1597702 0.0597822 0.0834701 0.3129463 0.3710101 0.8703154
1305031459.991725 -1.6393616 0.1401001 0.0745285 0.0792145 0.3124266 0.3779392 0.8679152
1305031460.059659 -1.6505452 0.1130366 0.0842475 0.0764294 0.3133621 0.3846646 0.8648676
1305031460.127690 -1.6613257 0.0825291 0.0938653 0.0814415 0.3012229 0.4021511 0.8607593
1305031460.191559 -1.6672649 0.0677352 0.1076759 0.0891215 0.2872341 0.4165545 0.8579256
1305031460.259667 -1.6584624 0.0538258 0.1147497 0.0907035 0.2906780 0.4211890 0.8543296
1305031460.391611 -1.6598160 0.0186303 0.1336736 0.0854344 0.3274974 0.4284321 0.8377901
1305031460.459620 -1.6577325 0.0040941 0.1411343 0.0821470 0.3490804 0.4372792 0.8247313
1305031460.527570 -1.6617115 -0.0106185 0.1557989 0.0707396 0.3761978 0.4518726 0.8057805
1305031460.659764 -1.6612946 -0.0502254 0.1792114 0.0524761 0.4133030 0.4582576 0.7851285
1305031460.727675 -1.6647170 -0.0669308 0.1955118 0.0441182 0.4223431 0.4592805 0.7802188
1305031460.827660 -1.6643494 -0.0915106 0.2187912 0.0326241 0.4351102 0.4547884 0.7763906
1305031460.927562 -1.6584077 -0.1189841 0.2436889 0.0100947 0.4474178 0.4505018 0.7725047
1305031460.991668 -1.6449571 -0.1393543 0.2532140 0.0046192 0.4504859 0.4537502 0.7688640
1305031461.159720 -1.6201408 -0.1801217 0.2830650 0.0035174 0.4539359 0.4520518 0.7678406
1305031461.227607 -1.6143273 -0.1868949 0.2945244 0.0061365 0.4569702 0.4439642 0.7707376
1305031461.359709 -1.6001749 -0.1920667 0.3140860 0.0059753 0.4645961 0.4256766 0.7764755
1305031461.459781 -1.5827402 -0.1980506 0.3243737 -0.0066324 0.4645609 0.4276960 0.7753807
1305031461.527705 -1.5682197 -0.2062124 0.3231937 -0.0086212 0.4650271 0.4272788 0.7753118
1305031461.627541 -1.5590491 -0.1956482 0.3095209 -0.0120251 0.4750445 0.4204252 0.7729365
1305031461.691563 -1.5574718 -0.1855810 0.3062526 -0.0133872 0.4815583 0.4242163 0.7667875
1305031461.791612 -1.5529128 -0.1614942 0.2902246 -0.0152473 0.4818481 0.4364353 0.7596803
1305031461.891723 -1.5617087 -0.1258693 0.2823287 -0.0120653 0.4909820 0.4556257 0.7424260
1305031461.959703 -1.5612390 -0.0981632 0.2626672 -0.0154557 0.4844906 0.4690371 0.7382643
1305031462.059837 -1.5769500 -0.0768152 0.2728181 -0.0290022 0.4907343 0.4980782 0.7143226
1305031462.259765 -1.6005697 -0.0357214 0.2680752 -0.0466269 0.4757214 0.5235891 0.7052443
1305031462.359732 -1.6188073 -0.0198411 0.2729992 -0.0685912 0.4701334 0.5120311 0.7156074
1305031462.427635 -1.6317843 -0.0083604 0.2794230 -0.0862745 0.4600660 0.5059002 0.7245419
1305031462.559862 -1.6600182 0.0162819 0.2762297 -0.1121683 0.4252827 0.4897257 0.7528092
1305031462.627851 -1.6699212 0.0236226 0.2661319 -0.1207051 0.4150767 0.4745106 0.7667994
1305031462.727652 -1.6906850 0.0346851 0.2520221 -0.1228119 0.4054446 0.4457702 0.7885562
1305031462.791943 -1.7025628 0.0515468 0.2336464 -0.1232758 0.3894127 0.4277663 0.8063354
1305031462.859782 -1.7111402 0.0729350 0.2111320 -0.1246479 0.3745567 0.4180622 0.8181651
1305031462.927607 -1.7162498 0.0930552 0.1865417 -0.1222035 0.3698314 0.4115196 0.8239797
1305031462.995550 -1.7180951 0.1024023 0.1655557 -0.1186782 0.3638380 0.4056626 0.8300454
1305031463.095809 -1.7221546 0.1247934 0.1271697 -0.1062116 0.3484433 0.3815254 0.8495556
1305031463.159787 -1.7218182 0.1383895 0.1008545 -0.0984988 0.3426897 0.3617574 0.8613904
1305031463.227784 -1.7169156 0.1510201 0.0783938 -0.0996398 0.3369316 0.3517442 0.8676549
1305031463.327739 -1.7073123 0.1699623 0.0451958 -0.0919944 0.3297720 0.3383400 0.8765349
1305031463.427716 -1.6906991 0.1948693 0.0134805 -0.0799710 0.3150495 0.3267436 0.8874611
1305031463.559751 -1.6578727 0.2222918 -0.0310287 -0.0755929 0.3165461 0.3217255 0.8891440
1305031463.659766 -1.6268938 0.2298979 -0.0718348 -0.0692289 0.3087915 0.3190621 0.8933390
1305031463.859910 -1.5621687 0.2252814 -0.1659614 -0.0634449 0.3074866 0.2765042 0.9082798
1305031463.995821 -1.5308199 0.2113076 -0.2244435 -0.0551042 0.2996846 0.2498145 0.9191003
1305031464.127681 -1.5069506 0.1874562 -0.2808283 -0.0517687 0.2951796 0.2187479 0.9286218
1305031464.295667 -1.4974220 0.1679742 -0.3376045 -0.0163322 0.2450346 0.1998496 0.9485523
1305031464.527574 -1.4222455 0.1616416 -0.4349771 0.0008398 0.1997440 0.1505253 0.9682168
1305031464.727652 -1.3618181 0.1091786 -0.5231639 0.0344044 0.2337394 0.0714048 0.9690633
1305031464.927799 -1.3267492 0.0998993 -0.5315959 0.0591813 0.1687595 -0.0411024 0.9830201
1305031465.095700 -1.2566907 0.1450218 -0.4909856 0.0781120 0.1353710 -0.1341020 0.9785652
1305031465.227907 -1.1885363 0.1694947 -0.4501088 0.0196522 0.0848540 -0.1666870 0.9821553
1305031465.395586 -1.1147101 0.1832999 -0.4174537 -0.0106457 0.0164939 -0.1198067 0.9926031
1305031465.727682 -0.8929953 0.2814669 -0.4371457 0.0307385 -0.0898819 -0.0257644 0.9951445
1305031465.927495 -0.7605496 0.3683396 -0.4377208 0.0740462 -0.1051048 0.0074492 0.9916727
1305031466.095840 -0.6887693 0.4585384 -0.4563496 0.0978329 -0.0909975 0.0067692 0.9910108
1305031466.227951 -0.6360675 0.5112996 -0.4809138 0.0713460 -0.1213450 0.0035196 0.9900368
1305031466.395784 -0.5595496 0.5255742 -0.5284436 0.0619283 -0.1018687 -0.0346176 0.9922647
1305031466.527538 -0.4950287 0.5500534 -0.5510761 0.0627782 -0.1154851 -0.0430530 0.9903881
1305031466.627549 -0.4419059 0.5620502 -0.5565639 0.0473130 -0.1127249 -0.0522357 0.9911236
1305031466.759637 -0.3745471 0.5723142 -0.5629235 0.0518665 -0.1150322 -0.0843213 0.9884166
1305031466.895694 -0.3247452 0.5870116 -0.5724421 0.0587881 -0.1370150 -0.0928125 0.9844576
1305031467.027843 -0.2591760 0.5869191 -0.5769570 0.0603441 -0.1760258 -0.1035550 0.9770619
1305031467.195663 -0.1957858 0.5895927 -0.5806400 0.0645939 -0.1919625 -0.1345826 0.9699823
1305031467.328008 -0.1473361 0.5925529 -0.5853474 0.0724258 -0.2161834 -0.1560317 0.9610792
1305031467.427783 -0.1101489 0.5937148 -0.5884498 0.0628983 -0.2362618 -0.1676680 0.9550453
1305031467.527663 -0.0695739 0.5957311 -0.5929660 0.0550949 -0.2539543 -0.1819156 0.9483557
1305031467.627532 -0.0392083 0.5830936 -0.5895505 0.0539543 -0.2619219 -0.1822386 0.9461898
1305031467.727535 -0.0080841 0.5661452 -0.5757155 0.0661630 -0.2767520 -0.1837744 0.9408814
1305031467.827800 0.0099928 0.5406482 -0.5531515 0.0787428 -0.2865044 -0.1892556 0.9358938
1305031467.927754 0.0221092 0.5199239 -0.5201345 0.0930119 -0.3080206 -0.1868530 0.9282015
1305031468.059850 0.0327913 0.4771325 -0.4664452 0.1033055 -0.3222068 -0.1952810 0.9205303
1305031468.195985 0.0440094 0.4357058 -0.4106602 0.1055309 -0.3345136 -0.2046994 0.9138173
1305031468.327847 0.0571429 0.3598463 -0.3673572 0.0949713 -0.3334008 -0.2040401 0.9155283
1305031468.459759 0.0623491 0.2997473 -0.3404675 0.0860861 -0.3310046 -0.1987515 0.9184351
1305031468.595768 0.0523741 0.2388194 -0.3331023 0.0903862 -0.3267164 -0.2201324 0.9146740
1305031468.727785 0.0282389 0.1778522 -0.3316970 0.0864775 -0.3414829 -0.2284504 0.9075910
1305031468.859659 0.0122083 0.1319185 -0.3248504 0.1008834 -0.3502088 -0.2418358 0.8992729
1305031468.995711 -0.0001019 0.1230707 -0.3131437 0.0782199 -0.3304122 -0.2430056 0.9086571
1305031469.127679 -0.0235746 0.0891697 -0.2894562 0.0225855 -0.3152679 -0.2860479 0.9045842
1305031469.296754 -0.0531251 0.0727584 -0.2499055 -0.0074643 -0.2819828 -0.3122360 0.9071597
1305031469.459668 -0.0689062 0.0817280 -0.2018908 -0.0146987 -0.2423575 -0.3386936 0.9090289
1305031469.627752 -0.0835555 0.1211089 -0.1499985 -0.0388032 -0.2362915 -0.3422361 0.9085896
1305031469.759599 -0.1012485 0.1558262 -0.1167556 -0.0600337 -0.2164321 -0.3394408 0.9134184
1305031469.895755 -0.1290451 0.2008654 -0.0944589 -0.0867168 -0.2122937 -0.3334233 0.9144619
1305031470.027694 -0.1586862 0.2581078 -0.0841768 -0.0949376 -0.2172112 -0.3236483 0.9160010
1305031470.159626 -0.1910842 0.3106335 -0.0892238 -0.1050363 -0.2148266 -0.3160579 0.9181091
1305031470.295718 -0.2256344 0.3540026 -0.1040685 -0.1237242 -0.2108368 -0.3059269 0.9201353
1305031470.395823 -0.2526848 0.3876903 -0.1144586 -0.1388482 -0.2098411 -0.2953619 0.9216557
1305031470.527689 -0.2899406 0.4204148 -0.1313658 -0.1386528 -0.2127153 -0.2945505 0.9212859
1305031470.659690 -0.3213005 0.4421161 -0.1432827 -0.1482273 -0.2099357 -0.2834778 0.9239026
1305031470.759682 -0.3459099 0.4527101 -0.1510750 -0.1557106 -0.2046321 -0.2762778 0.9260402
1305031470.859645 -0.3686048 0.4662581 -0.1558079 -0.1483760 -0.1979280 -0.2616860 0.9329146
1305031470.959647 -0.3995452 0.4639951 -0.1683108 -0.1416150 -0.1972219 -0.2505265 0.9371687
1305031471.195703 -0.4385695 0.4589848 -0.1920375 -0.1020059 -0.1933378 -0.2129754 0.9522903
1305031471.296068 -0.4553379 0.4579423 -0.1960680 -0.1030698 -0.1845508 -0.2009453 0.9565243
1305031471.927651 -0.4962013 0.4710364 -0.2375869 -0.1072625 -0.1043454 -0.1149985 0.9820296
1305031472.059668 -0.5086450 0.4788208 -0.2382983 -0.1179466 -0.0756743 -0.1054311 0.9845031
1305031472.195682 -0.5247544 0.4848772 -0.2385881 -0.1234275 -0.0611626 -0.0913154 0.9862486
1305031472.295671 -0.5306550 0.4818423 -0.2405850 -0.1148068 -0.0566854 -0.0850968 0.9881117
1305031472.427686 -0.5353035 0.4811270 -0.2430350 -0.1068775 -0.0597442 -0.0796262 0.9892763
1305031472.563587 -0.5352251 0.4686591 -0.2419907 -0.1036726 -0.0586720 -0.0783351 0.9897844
1305031472.827627 -0.5266058 0.4495973 -0.2371126 -0.0909950 -0.0648257 -0.0735335 0.9910148
1305031472.963756 -0.5252697 0.4483355 -0.2333825 -0.0875557 -0.0676893 -0.0667709 0.9916118
1305031473.196069 -0.5267819 0.4447289 -0.2298806 -0.0874519 -0.0692302 -0.0710187 0.9912193
