1305031453.523684 0.0000000 0.0000000 0.0000000 -0.0000000 -0.0000000 -0.0000000 1.0000000
1305031453.691678 0.0016210 0.0236105 -0.0634615 0.0341831 -0.0068530 0.0099247 0.9993429
1305031453.727652 -0.0021335 0.0300015 -0.0760581 0.0381399 -0.0125265 0.0051389 0.9991807
1305031453.759694 -0.0069300 0.0364797 -0.0885177 0.0430650 -0.0218038 -0.0022340 0.9988318
1305031453.827773 -0.0119977 0.0437698 -0.1121136 0.0471597 -0.0412443 -0.0158398 0.9979098
1305031453.891710 -0.0198849 0.0509130 -0.1409835 0.0452335 -0.0723269 -0.0309080 0.9958752
1305031453.959641 -0.0227813 0.0534122 -0.1511463 0.0366767 -0.1128319 -0.0425719 0.9920239
1305031453.991624 -0.0344885 0.0564984 -0.1523179 0.0355909 -0.1235930 -0.0540708 0.9902194
1305031454.027662 -0.0413109 0.0619895 -0.1531994 0.0390134 -0.1370615 -0.0640230 0.9877212
1305031454.059654 -0.0401118 0.0648284 -0.1603212 0.0397123 -0.1523028 -0.0744317 0.9847267
1305031454.091651 -0.0409459 0.0656285 -0.1621567 0.0397033 -0.1677993 -0.0857198 0.9812844
1305031454.159672 -0.0684346 0.0765078 -0.1720168 0.0454600 -0.1924332 -0.1127797 0.9737472
1305031454.191658 -0.0784398 0.0768144 -0.1774124 0.0422198 -0.2084098 -0.1271755 0.9688185
1305031454.227671 -0.0866513 0.0679103 -0.1798791 0.0405674 -0.2256408 -0.1454930 0.9624304
1305031454.291639 -0.0970926 0.0811292 -0.1807933 0.0480129 -0.2469511 -0.1716119 0.9525016
1305031454.327699 -0.1029904 0.0771587 -0.1848729 0.0474233 -0.2579505 -0.1853313 0.9470295
1305031454.359636 -0.1115669 0.0831099 -0.1840487 0.0556497 -0.2690447 -0.2001786 0.9404502
1305031454.391677 -0.1160849 0.0869508 -0.1877666 0.0574412 -0.2765644 -0.2116941 0.9356272
1305031454.559575 -0.1352220 0.1127701 -0.1988891 0.0654616 -0.3148567 -0.2846759 0.9030724
1305031454.627580 -0.1382715 0.1254791 -0.2050098 0.0645020 -0.3369361 -0.3140306 0.8852674
1305031454.759732 -0.1249671 0.1447573 -0.2020896 0.0408503 -0.3829636 -0.3251669 0.8636762
1305031454.859620 -0.1078967 0.1599652 -0.1978341 0.0240310 -0.3855340 -0.3044166 0.8706990
1305031454.959648 -0.1027366 0.1842408 -0.2039843 0.0147879 -0.3674466 -0.2863994 0.8847258
1305031455.027799 -0.1048727 0.2022844 -0.2133326 0.0122221 -0.3614739 -0.2776632 0.8899946
1305031455.227581 -0.1343850 0.2524235 -0.2435382 0.0117188 -0.3342507 -0.2596177 0.9059458
1305031455.291831 -0.1486994 0.2695799 -0.2545395 0.0015110 -0.3216071 -0.2454323 0.9145106
1305031455.491637 -0.2031136 0.3028748 -0.2937152 -0.0403682 -0.2873099 -0.1959962 0.9367011
1305031455.559669 -0.2329821 0.3056060 -0.3156187 -0.0500308 -0.2784260 -0.1716581 0.9436681
1305031455.627617 -0.2564200 0.3066407 -0.3340146 -0.0606469 -0.2749607 -0.1460697 0.9483576
1305031455.691605 -0.2832288 0.3065892 -0.3568189 -0.0549293 -0.2680829 -0.1414275 0.9513741
1305031456.027770 -0.3825931 0.2955428 -0.4627922 -0.0472578 -0.2199169 -0.1615910 0.9608806
1305031456.091707 -0.4088440 0.2813104 -0.4746598 -0.0640596 -0.2058605 -0.1769416 0.9603174
1305031456.191658 -0.4376915 0.2598405 -0.4851812 -0.0647542 -0.1866582 -0.1778449 0.9640212
1305031456.259614 -0.4535690 0.2600413 -0.4903334 -0.0602591 -0.1647831 -0.1726404 0.9692320
1305031456.327718 -0.4761593 0.2476381 -0.4901598 -0.0557405 -0.1423334 -0.1626363 0.9747736
1305031456.391619 -0.4974314 0.2500089 -0.4860224 -0.0483597 -0.1162503 -0.1537804 0.9800504
1305031456.459610 -0.5256117 0.2687461 -0.4842868 -0.0355173 -0.0960962 -0.1395282 0.9849041
1305031457.059621 -0.7230350 0.3325453 -0.3814694 -0.0972602 -0.0405502 -0.0313257 0.9939391
1305031457.159693 -0.7538989 0.3244198 -0.3811262 -0.1110541 -0.0186095 -0.0181150 0.9934750
1305031457.227543 -0.7767400 0.3264416 -0.3901857 -0.1129452 -0.0016368 -0.0069640 0.9935755
1305031457.459614 -0.8666767 0.3117735 -0.4405649 -0.0913341 0.0655395 0.0346666 0.9930564
1305031457.659632 -0.9394708 0.2894546 -0.4869821 -0.0768132 0.0881458 0.0559496 0.9915643
1305031457.727669 -0.9621010 0.2702546 -0.4939312 -0.0866483 0.0910757 0.0569352 0.9904321
1305031457.859623 -1.0045373 0.2431329 -0.5138890 -0.0652320 0.1141048 0.0550597 0.9897946
1305031457.927633 -1.0387447 0.2273518 -0.5152107 -0.0452640 0.1299973 0.0582787 0.9887646
1305031457.991644 -1.0620751 0.2162209 -0.5156959 -0.0347873 0.1331182 0.0634294 0.9884564
1305031458.059689 -1.0834514 0.2156765 -0.5139634 -0.0150398 0.1412459 0.0664622 0.9876266
1305031458.159638 -1.1262324 0.2041274 -0.4887603 -0.0153076 0.1565976 0.0703089 0.9850378
1305031458.259934 -1.1747551 0.1825254 -0.4482286 -0.0286786 0.1596650 0.0725027 0.9840874
1305031458.359590 -1.2124393 0.1630806 -0.4132013 -0.0143993 0.1488011 0.0765135 0.9857975
1305031458.427598 -1.2254939 0.1704255 -0.3910385 0.0085467 0.1450862 0.0881544 0.9854470
1305031458.491696 -1.2238332 0.1466991 -0.3696195 0.0342322 0.1561812 0.0979550 0.9822629
1305031458.559628 -1.2446125 0.1856990 -0.3373219 0.0725943 0.1783599 0.0897246 0.9771731
1305031458.627659 -1.2642553 0.2152369 -0.2974731 0.0924025 0.1882547 0.0778071 0.9746630
1305031458.759945 -1.2821767 0.2191445 -0.2320177 0.0813611 0.1434203 0.0510864 0.9849879
1305031458.827564 -1.2667474 0.2318009 -0.2105619 0.0756787 0.1133478 0.0409150 0.9898238
1305031458.891665 -1.2618524 0.2253652 -0.1978244 0.0807696 0.1074198 0.0314433 0.9904285
1305031458.959617 -1.2757267 0.2259999 -0.1826367 0.0731906 0.1230101 0.0505204 0.9884126
1305031459.027665 -1.3099287 0.2031682 -0.1610583 0.0813038 0.1325498 0.0523931 0.9864457
1305031459.091650 -1.3521570 0.1858833 -0.1417973 0.0977483 0.1173604 0.0715201 0.9856758
1305031459.159639 -1.3905120 0.1773261 -0.1323584 0.1153438 0.0731100 0.0787180 0.9874990
1305031459.227607 -1.4003319 0.1764260 -0.1244599 0.1212748 0.0390360 0.0960334 0.9871911
1305031459.291690 -1.3971702 0.1889260 -0.1009547 0.1214774 0.0432686 0.1181327 0.9845892
1305031459.359651 -1.4163188 0.1971645 -0.0911511 0.1262820 0.0894005 0.1518998 0.9762105
1305031459.427646 -1.4261248 0.2130969 -0.0964574 0.1125743 0.1458302 0.2222084 0.9574361
1305031459.491555 -1.4603554 0.2412847 -0.0412945 0.1238500 0.2162658 0.2803666 0.9269762
1305031459.559647 -1.4788425 0.2442759 -0.0405935 0.1087625 0.2477781 0.3409867 0.9002804
1305031459.627608 -1.5102181 0.2362079 -0.0305848 0.1019751 0.2623895 0.3680738 0.8861572
1305031459.791650 -1.5742939 0.1973333 -0.0068898 0.0886428 0.3052182 0.3705292 0.8727499
1305031459.859660 -1.6008996 0.1787479 0.0077027 0.0838082 0.3073868 0.3671117 0.8739099
1305031460.027565 -1.6342763 0.1215902 0.0360323 0.0697594 0.2987193 0.3851049 0.8703991
1305031460.091717 -1.6526588 0.0950883 0.0499044 0.0713564 0.2991244 0.3924714 0.8668327
1305031460.159678 -1.6587255 0.0722528 0.0550830 0.0819310 0.2802449 0.4108415 0.8636894
1305031460.227761 -1.6521384 0.0592988 0.0681261 0.0825752 0.2704752 0.4222229 0.8612505
1305031460.291689 -1.6523592 0.0412078 0.0758255 0.0829843 0.2863225 0.4224396 0.8559660
1305031460.391611 -1.6536129 0.0149171 0.0912513 0.0782618 0.3149084 0.4301929 0.8424025
1305031460.459620 -1.6523999 -0.0002663 0.1013526 0.0749745 0.3377039 0.4385864 0.8294438
1305031460.591855 -1.6545557 -0.0365107 0.1244879 0.0503738 0.3836072 0.4587055 0.7999358
1305031460.691671 -1.6619396 -0.0658996 0.1481987 0.0410139 0.4093818 0.4600432 0.7868194
1305031460.791660 -1.6618261 -0.0922222 0.1702558 0.0289350 0.4225625 0.4581250 0.7814891
1305031460.859714 -1.6589553 -0.1045725 0.1830521 0.0173069 0.4269522 0.4542941 0.7816836
1305031461.059662 -1.6366380 -0.1643803 0.2281138 0.0000876 0.4444336 0.4552861 0.7714878
1305031461.159720 -1.6163617 -0.1895170 0.2432730 -0.0061500 0.4425501 0.4536418 0.7735120
1305031461.227607 -1.6112013 -0.1960769 0.2555816 -0.0031335 0.4459096 0.4456652 0.7762328
1305031461.327751 -1.5969732 -0.2038050 0.2683731 -0.0003335 0.4488195 0.4317837 0.7823834
1305031461.491677 -1.5652527 -0.2175102 0.2849694 -0.0242018 0.4509789 0.4323342 0.7804611
1305031461.627541 -1.5558486 -0.2043968 0.2718463 -0.0211964 0.4635156 0.4215061 0.7791255
1305031461.691563 -1.5536379 -0.1940435 0.2679659 -0.0226010 0.4695749 0.4257304 0.7731379
1305031461.759684 -1.5491476 -0.1819434 0.2576694 -0.0238130 0.4696041 0.4340210 0.7684600
1305031461.827615 -1.5472655 -0.1626126 0.2453396 -0.0256405 0.4726709 0.4424973 0.7616568
1305031461.927758 -1.5569532 -0.1240240 0.2362954 -0.0253346 0.4748948 0.4679480 0.7448878
1305031462.191641 -1.5870310 -0.0524117 0.2235196 -0.0430926 0.4644049 0.5254148 0.7116253
1305031462.259765 -1.5987352 -0.0423497 0.2287675 -0.0563597 0.4657980 0.5234647 0.7112247
1305031462.359732 -1.6173338 -0.0251715 0.2329338 -0.0775259 0.4598183 0.5114955 0.7217543
1305031462.427635 -1.6305666 -0.0139512 0.2391081 -0.0957876 0.4496061 0.5049391 0.7305584
1305031462.492008 -1.6442666 0.0005636 0.2370705 -0.1114989 0.4302340 0.4988393 0.7440606
1305031462.559862 -1.6574825 0.0088803 0.2347913 -0.1221291 0.4138497 0.4901559 0.7573375
1305031462.627851 -1.6681638 0.0170779 0.2244350 -0.1296928 0.4037721 0.4740841 0.7716166
1305031462.727652 -1.6882546 0.0286344 0.2097477 -0.1316149 0.3936791 0.4452033 0.7934030
1305031462.791943 -1.7009740 0.0441002 0.1924081 -0.1322052 0.3789408 0.4269478 0.8103340
1305031462.891847 -1.7126245 0.0781265 0.1564863 -0.1314828 0.3615367 0.4118056 0.8260869
1305031462.959676 -1.7157418 0.0926666 0.1339847 -0.1287214 0.3565092 0.4082099 0.8304797
1305031463.095809 -1.7168629 0.1212063 0.0834452 -0.1126579 0.3358761 0.3805592 0.8542073
1305031463.159787 -1.7170160 0.1318547 0.0578402 -0.1061327 0.3313837 0.3609489 0.8652379
1305031463.260034 -1.7073976 0.1523609 0.0230306 -0.1005269 0.3241151 0.3455128 0.8749084
1305031463.359750 -1.6945765 0.1689675 -0.0076336 -0.0933938 0.3133082 0.3349523 0.8836983
1305031463.459756 -1.6734868 0.1994608 -0.0408641 -0.0842392 0.2994466 0.3246178 0.8932294
1305031463.559751 -1.6487284 0.2167891 -0.0737728 -0.0819302 0.3042735 0.3219678 0.8927720
1305031463.695640 -1.6120353 0.2342219 -0.1267194 -0.0690064 0.2962217 0.3143201 0.8992741
1305031463.795647 -1.5743021 0.2293753 -0.1742260 -0.0656982 0.2960251 0.2969525 0.9054679
1305031463.927664 -1.5346708 0.2133248 -0.2364256 -0.0661009 0.2954540 0.2631131 0.9160290
1305031464.127681 -1.4914120 0.1781048 -0.3228085 -0.0581136 0.2831234 0.2189944 0.9319364
1305031464.295667 -1.4800154 0.1574245 -0.3811163 -0.0227701 0.2327941 0.2012113 0.9512110
1305031464.559703 -1.3863611 0.1488043 -0.4923841 -0.0074829 0.1820444 0.1410666 0.9730900
1305031464.727652 -1.3350075 0.1009398 -0.5623732 0.0311608 0.2195503 0.0744363 0.9722582
1305031464.895817 -1.3120785 0.1039751 -0.5719057 0.0629211 0.1672705 -0.0190898 0.9837160
1305031465.059749 -1.2481345 0.1032727 -0.5373513 0.0770279 0.1351807 -0.1172034 0.9808447
1305031465.295623 -1.1339213 0.1594992 -0.4719131 -0.0004431 0.0487023 -0.1548553 0.9867359
1305031465.460125 -1.0393933 0.1975378 -0.4485787 -0.0025567 -0.0292485 -0.0917021 0.9953536
1305031465.660060 -0.9158673 0.2495879 -0.4612792 0.0142822 -0.0874368 -0.0417652 0.9951917
1305031465.859861 -0.7755364 0.3339612 -0.4699122 0.0611456 -0.1261899 0.0065349 0.9900983
1305031466.059757 -0.6691926 0.4388428 -0.4749339 0.0984954 -0.1044672 0.0104563 0.9895837
1305031466.227951 -0.6052339 0.5041561 -0.5036060 0.0667474 -0.1360378 0.0067986 0.9884292
1305031466.359829 -0.5368690 0.5271785 -0.5369904 0.0623772 -0.1209637 -0.0269947 0.9903273
1305031466.495809 -0.4839055 0.5453334 -0.5707039 0.0632567 -0.1282623 -0.0403645 0.9888974
1305031466.627549 -0.4077990 0.5567443 -0.5775275 0.0441837 -0.1267585 -0.0504560 0.9896637
1305031466.759637 -0.3407597 0.5680262 -0.5799162 0.0493075 -0.1291372 -0.0809971 0.9870825
1305031466.895694 -0.2913558 0.5819723 -0.5904253 0.0561359 -0.1501190 -0.0900758 0.9829544
1305031467.027843 -0.2247247 0.5806206 -0.5940762 0.0572580 -0.1891596 -0.1008466 0.9750745
1305031467.159660 -0.1709613 0.5820544 -0.5945673 0.0603018 -0.2007802 -0.1278583 0.9693829
1305031467.295846 -0.1242401 0.5842897 -0.5970156 0.0678587 -0.2236038 -0.1480880 0.9609717
1305031467.395756 -0.0855830 0.5903408 -0.6020455 0.0628036 -0.2433367 -0.1600217 0.9545869
1305031467.527663 -0.0307367 0.5906934 -0.6050034 0.0537636 -0.2675930 -0.1788601 0.9452580
1305031467.659626 0.0122472 0.5726469 -0.5960134 0.0584543 -0.2829838 -0.1747547 0.9412566
1305031467.796075 0.0443287 0.5496287 -0.5693927 0.0756882 -0.2967421 -0.1853696 0.9337310
1305031467.895947 0.0554012 0.5243756 -0.5399022 0.0894233 -0.3130796 -0.1809718 0.9280269
1305031468.028107 0.0707945 0.4852773 -0.4846286 0.0982221 -0.3334895 -0.1887208 0.9184344
1305031468.159864 0.0748716 0.4418384 -0.4319705 0.1047277 -0.3452059 -0.1973675 0.9115433
1305031468.295830 0.0885294 0.3789429 -0.3801355 0.0963589 -0.3471893 -0.2009335 0.9109338
1305031468.428025 0.0946132 0.3091115 -0.3511074 0.0869548 -0.3427912 -0.1971608 0.9143636
1305031468.659579 0.0684298 0.1965965 -0.3376196 0.0787262 -0.3413946 -0.2217745 0.9099824
1305031468.795796 0.0478053 0.1374313 -0.3322937 0.0874415 -0.3606153 -0.2302427 0.8996104
1305031468.928141 0.0349781 0.1086922 -0.3234068 0.0942454 -0.3517687 -0.2376911 0.9004885
1305031469.095723 0.0108393 0.0905306 -0.3013377 0.0348182 -0.3350841 -0.2710603 0.9016832
1305031469.359592 -0.0273961 0.0591676 -0.2331735 -0.0199823 -0.2885948 -0.3185523 0.9026839
1305031469.495744 -0.0526004 0.0801101 -0.1987911 -0.0146329 -0.2477186 -0.3412074 0.9066415
1305031469.627752 -0.0563671 0.1090117 -0.1539619 -0.0401835 -0.2506808 -0.3414658 0.9049562
1305031469.759599 -0.0744968 0.1434162 -0.1202409 -0.0619768 -0.2313869 -0.3397877 0.9094852
1305031469.927854 -0.1123274 0.2131184 -0.0941691 -0.0880099 -0.2259933 -0.3278611 0.9130654
1305031470.059638 -0.1424539 0.2667404 -0.0896388 -0.0957853 -0.2308655 -0.3223491 0.9130265
1305031470.196092 -0.1767592 0.3200428 -0.1009397 -0.1054634 -0.2281013 -0.3128092 0.9159682
1305031470.327644 -0.2123404 0.3646907 -0.1165734 -0.1274697 -0.2216772 -0.3029770 0.9180499
1305031470.459721 -0.2485666 0.4052661 -0.1326706 -0.1366938 -0.2247973 -0.2955758 0.9183768
1305031470.595760 -0.2835952 0.4306140 -0.1498229 -0.1402927 -0.2239070 -0.2912368 0.9194372
1305031470.695630 -0.3068063 0.4468097 -0.1580495 -0.1492881 -0.2226161 -0.2806061 0.9216374
1305031470.827831 -0.3387595 0.4623296 -0.1668399 -0.1512400 -0.2104605 -0.2669869 0.9281977
1305031470.927684 -0.3679744 0.4596559 -0.1790509 -0.1510506 -0.2080681 -0.2556425 0.9319540
1305031471.027644 -0.3869079 0.4539105 -0.1890782 -0.1320416 -0.2141848 -0.2457057 0.9361190
1305031471.195703 -0.4141774 0.4566894 -0.2076463 -0.1014491 -0.2081045 -0.2119280 0.9494668
1305031471.395730 -0.4424222 0.4530894 -0.2185850 -0.0985448 -0.1799594 -0.1895020 0.9602044
1305031471.727501 -0.4659253 0.4568675 -0.2481935 -0.0925401 -0.1495342 -0.1505368 0.9728384
1305031471.927651 -0.4710777 0.4681416 -0.2552492 -0.1085400 -0.1192468 -0.1146657 0.9802301
1305031472.059668 -0.4843921 0.4756265 -0.2568207 -0.1197566 -0.0900533 -0.1054012 0.9830765
1305031472.295671 -0.5061228 0.4801679 -0.2593420 -0.1156096 -0.0714479 -0.0845481 0.9871075
1305031472.427686 -0.5105248 0.4784626 -0.2620718 -0.1084787 -0.0747074 -0.0792786 0.9881124
1305031472.595675 -0.5082838 0.4663430 -0.2628856 -0.0996993 -0.0759111 -0.0752430 0.9892604
1305031472.827627 -0.5018992 0.4464212 -0.2553469 -0.0929756 -0.0796345 -0.0728662 0.9898002
1305031473.167060 -0.5043622 0.4393018 -0.2486407 -0.0930432 -0.0816911 -0.0706857 0.9897844
