1305031453.523684 0.0000000 0.0000000 0.0000000 -0.0000000 -0.0000000 -0.0000000 1.0000000
1305031453.691678 0.0013692 0.0180958 -0.0570276 0.0322984 -0.0070742 0.0089670 0.9994130
1305031453.727652 -0.0010939 0.0221509 -0.0686638 0.0353805 -0.0133528 0.0042459 0.9992757
1305031453.791716 -0.0047874 0.0284041 -0.0914196 0.0414662 -0.0344434 -0.0111956 0.9984833
1305031453.927723 -0.0006993 0.0334710 -0.1359398 0.0335916 -0.1028712 -0.0372038 0.9934309
1305031453.959641 -0.0075480 0.0360094 -0.1392119 0.0300046 -0.1195609 -0.0455918 0.9913256
1305031453.991624 -0.0073604 0.0370991 -0.1449289 0.0281290 -0.1348328 -0.0555421 0.9889105
1305031454.027662 -0.0051645 0.0365948 -0.1471094 0.0291649 -0.1526773 -0.0643624 0.9857467
1305031454.059654 -0.0042330 0.0391422 -0.1553344 0.0301199 -0.1680530 -0.0756719 0.9824076
1305031454.127701 -0.0278230 0.0386847 -0.1629516 0.0319186 -0.1914198 -0.1034584 0.9755183
1305031454.227671 -0.0469289 0.0375925 -0.1712185 0.0295240 -0.2430372 -0.1454985 0.9585883
1305031454.359636 -0.0750245 0.0532175 -0.1806118 0.0463119 -0.2832367 -0.2000861 0.9368019
1305031454.427465 -0.0858983 0.0586487 -0.1859758 0.0499623 -0.3039126 -0.2263097 0.9240806
1305031454.527700 -0.0931482 0.0734885 -0.1913308 0.0578720 -0.3248734 -0.2700896 0.9045219
1305031454.591635 -0.0995853 0.0832463 -0.1968613 0.0549807 -0.3406755 -0.3012088 0.8889266
1305031454.659528 -0.0974723 0.0972425 -0.2001208 0.0499890 -0.3648885 -0.3179432 0.8736531
1305031454.727659 -0.0924730 0.1040532 -0.2033444 0.0388623 -0.3908898 -0.3289360 0.8587759
1305031455.227581 -0.0929744 0.2065331 -0.2392550 0.0010930 -0.3497347 -0.2585446 0.9004661
1305031455.291831 -0.1057718 0.2216111 -0.2509259 -0.0097043 -0.3369630 -0.2450982 0.9090042
1305031455.427642 -0.1369140 0.2457226 -0.2743255 -0.0421828 -0.3122630 -0.2138803 0.9246446
1305031455.559669 -0.1829644 0.2563900 -0.3107386 -0.0612138 -0.2928332 -0.1725085 0.9384788
1305031455.627617 -0.2043098 0.2564792 -0.3273432 -0.0726859 -0.2894198 -0.1472586 0.9430100
1305031455.759683 -0.2504143 0.2563598 -0.3707427 -0.0611667 -0.2719282 -0.1515019 0.9483464
1305031455.827590 -0.2734285 0.2504156 -0.3949780 -0.0570767 -0.2609679 -0.1510033 0.9517542
1305031455.891657 -0.2918094 0.2431089 -0.4161260 -0.0577292 -0.2544406 -0.1532821 0.9531170
1305031456.091707 -0.3439506 0.2301671 -0.4620601 -0.0756568 -0.2205693 -0.1795899 0.9557053
1305031456.191658 -0.3708116 0.2099643 -0.4718336 -0.0764779 -0.2014624 -0.1808415 0.9596147
1305031456.291675 -0.3976892 0.2047636 -0.4772477 -0.0704032 -0.1675171 -0.1720799 0.9681787
1305031456.391619 -0.4262500 0.2006734 -0.4728849 -0.0603817 -0.1314209 -0.1578349 0.9768167
1305031456.959667 -0.6081147 0.2738075 -0.3895546 -0.0982001 -0.0720557 -0.0462955 0.9914744
1305031457.159693 -0.6670339 0.2759005 -0.3839671 -0.1241854 -0.0320344 -0.0238325 0.9914554
1305031457.359712 -0.7280567 0.2659864 -0.4186163 -0.1170292 0.0238128 0.0087750 0.9928042
1305031457.627526 -0.8226513 0.2378537 -0.4768268 -0.0968152 0.0712112 0.0443639 0.9917599
1305031457.727669 -0.8560106 0.2241646 -0.4922734 -0.1006441 0.0772213 0.0496979 0.9906754
1305031457.827699 -0.8847072 0.2039965 -0.5092255 -0.0816780 0.0916449 0.0483260 0.9912591
1305031457.927633 -0.9265571 0.1829970 -0.5128707 -0.0599251 0.1157383 0.0513680 0.9901389
1305031458.027845 -0.9568840 0.1642675 -0.5111293 -0.0418282 0.1221632 0.0574801 0.9899609
1305031458.127605 -0.9960065 0.1656552 -0.5000451 -0.0318718 0.1389548 0.0619166 0.9878472
1305031458.227611 -1.0404472 0.1666694 -0.4709615 -0.0346654 0.1449564 0.0686741 0.9864430
1305031458.327628 -1.0836629 0.1406576 -0.4359926 -0.0329720 0.1389071 0.0679049 0.9874243
1305031458.427598 -1.1067851 0.1306200 -0.4024532 -0.0082403 0.1320224 0.0818592 0.9878265
1305031458.527737 -1.1210185 0.1395709 -0.3665403 0.0470429 0.1565395 0.0864817 0.9827529
1305031458.627659 -1.1426722 0.1755210 -0.3175167 0.0764141 0.1736401 0.0724952 0.9791601
1305031458.727650 -1.1587052 0.1747653 -0.2718424 0.0586621 0.1442162 0.0581254 0.9860943
1305031458.927621 -1.1499032 0.1955829 -0.2166630 0.0661500 0.0999270 0.0307491 0.9923171
1305031459.027665 -1.1894984 0.1665075 -0.1928483 0.0643143 0.1173035 0.0486466 0.9898167
1305031459.127618 -1.2608997 0.1328887 -0.1837488 0.0845072 0.0839707 0.0733372 0.9901662
1305031459.191674 -1.2727793 0.1445671 -0.1566601 0.1029659 0.0395236 0.0827085 0.9904521
1305031459.327632 -1.2783302 0.1576564 -0.1374170 0.1017508 0.0479953 0.1334283 0.9846523
1305031459.391667 -1.3090944 0.1835692 -0.1106782 0.1121261 0.1099668 0.1733906 0.9722503
1305031459.459679 -1.3071493 0.1843119 -0.1084557 0.0962272 0.1736394 0.2571043 0.9457732
1305031459.559647 -1.3548650 0.2038177 -0.0853717 0.0851006 0.2432066 0.3368073 0.9056320
1305031459.659641 -1.3910800 0.2075796 -0.0689981 0.0848298 0.2628483 0.3612191 0.8906376
1305031459.759635 -1.4290943 0.1794926 -0.0581983 0.0706151 0.2938784 0.3663747 0.8800106
1305031459.859660 -1.4715438 0.1527297 -0.0391971 0.0659330 0.3021065 0.3586797 0.8807573
1305031459.959650 -1.4938802 0.1216114 -0.0226781 0.0570726 0.2949334 0.3687896 0.8796313
1305031460.059659 -1.5111092 0.0861567 -0.0055561 0.0503219 0.2960525 0.3797251 0.8750026
1305031460.159678 -1.5267379 0.0512748 0.0091179 0.0619600 0.2769426 0.4048266 0.8692405
1305031460.227761 -1.5210016 0.0375752 0.0202549 0.0612732 0.2673956 0.4170302 0.8665051
1305031460.327512 -1.5213360 0.0127577 0.0331906 0.0626860 0.2919584 0.4180227 0.8579556
1305031460.527570 -1.5263033 -0.0296752 0.0665100 0.0429426 0.3630026 0.4463705 0.8167855
1305031460.659764 -1.5266486 -0.0651926 0.0892126 0.0251218 0.3999505 0.4508752 0.7975713
1305031460.791660 -1.5321480 -0.0974495 0.1213216 0.0098557 0.4206527 0.4483547 0.7886268
1305031460.959649 -1.5198995 -0.1361801 0.1578951 -0.0214998 0.4340205 0.4441685 0.7835038
1305031461.059662 -1.5106242 -0.1613048 0.1781368 -0.0177441 0.4426020 0.4445066 0.7785901
1305031461.159720 -1.4936719 -0.1833685 0.1959026 -0.0234089 0.4419840 0.4420046 0.7802141
1305031461.259642 -1.4833486 -0.1962599 0.2113405 -0.0209861 0.4449906 0.4313886 0.7845042
1305031461.359709 -1.4762878 -0.1945345 0.2260696 -0.0209942 0.4518299 0.4159550 0.7889172
1305031461.559677 -1.4416233 -0.2030812 0.2290359 -0.0360851 0.4505624 0.4147255 0.7897431
1305031461.659622 -1.4354328 -0.1947657 0.2228978 -0.0405907 0.4665403 0.4088528 0.7832828
1305031461.759684 -1.4310780 -0.1766582 0.2112417 -0.0408748 0.4691213 0.4216297 0.7749083
1305031461.859767 -1.4333988 -0.1458721 0.1959935 -0.0391604 0.4771513 0.4351436 0.7625242
1305031461.991590 -1.4497291 -0.0919750 0.1796742 -0.0432573 0.4843830 0.4622734 0.7414886
1305031462.127739 -1.4564139 -0.0696966 0.1747015 -0.0556015 0.4680854 0.5082046 0.7207861
1305031462.259765 -1.4740707 -0.0484608 0.1751878 -0.0737866 0.4655303 0.5130061 0.7173993
1305031462.391695 -1.4985080 -0.0209664 0.1812540 -0.1006264 0.4546557 0.4959794 0.7329167
1305031462.492008 -1.5154865 -0.0062743 0.1809341 -0.1285305 0.4292412 0.4883292 0.7488435
1305031462.627851 -1.5396183 0.0104443 0.1673734 -0.1457830 0.4022275 0.4618651 0.7769433
1305031462.727652 -1.5578570 0.0190167 0.1538632 -0.1486343 0.3923675 0.4339644 0.7972644
1305031462.827816 -1.5742673 0.0480008 0.1243855 -0.1452308 0.3675239 0.4092089 0.8224245
1305031462.927607 -1.5785365 0.0683089 0.0871523 -0.1496273 0.3542514 0.4014549 0.8312350
1305031463.027667 -1.5801048 0.0845578 0.0549107 -0.1382791 0.3441603 0.3874514 0.8439870
1305031463.127550 -1.5784718 0.1026389 0.0167943 -0.1298089 0.3275828 0.3618593 0.8630742
1305031463.227784 -1.5733376 0.1212426 -0.0180265 -0.1256483 0.3183407 0.3410213 0.8755434
1305031463.327739 -1.5628767 0.1408381 -0.0486674 -0.1156545 0.3108846 0.3275660 0.8846894
1305031463.459756 -1.5362757 0.1701426 -0.0903835 -0.1026616 0.2919040 0.3152238 0.8971547
1305031463.595600 -1.5047177 0.1912763 -0.1304497 -0.0993460 0.2938046 0.3127886 0.8977598
1305031463.727588 -1.4567237 0.1987453 -0.1835583 -0.0908741 0.2826811 0.3034502 0.9054012
1305031463.927664 -1.3984599 0.1771105 -0.2688508 -0.0840196 0.2858906 0.2534822 0.9203011
1305031464.159817 -1.3497844 0.1304747 -0.3572425 -0.0726463 0.2681306 0.2087681 0.9376804
1305031464.559703 -1.2536625 0.1081674 -0.4994316 -0.0247452 0.1698141 0.1344152 0.9759526
1305031464.859654 -1.1983362 0.0658492 -0.5694767 0.0518708 0.1718186 -0.0048636 0.9837500
1305031465.095700 -1.1066306 0.0879757 -0.5265726 0.0632849 0.1039232 -0.1332692 0.9835824
1305031465.259807 -1.0315543 0.1116085 -0.4832278 -0.0092179 0.0417924 -0.1687309 0.9847326
1305031465.527622 -0.8916082 0.1654442 -0.4490847 -0.0214201 -0.0687841 -0.0801779 0.9941738
1305031465.795937 -0.7274111 0.2502329 -0.4667245 0.0248464 -0.1302128 -0.0088709 0.9911350
1305031466.095840 -0.5758469 0.3909416 -0.4769121 0.0792325 -0.1187595 0.0080328 0.9897242
1305031466.295737 -0.4863943 0.4414136 -0.5168621 0.0498267 -0.1514992 -0.0126917 0.9871191
1305031466.495809 -0.4086911 0.4740997 -0.5606366 0.0493549 -0.1425562 -0.0420838 0.9876593
1305031466.659688 -0.3225616 0.4856474 -0.5668329 0.0370168 -0.1379924 -0.0571840 0.9880880
1305031466.827879 -0.2455689 0.5063154 -0.5729281 0.0424234 -0.1502050 -0.0897289 0.9836602
1305031466.995712 -0.1790526 0.5063204 -0.5744436 0.0445381 -0.1995521 -0.0972793 0.9740288
1305031467.227704 -0.0957391 0.5084814 -0.5756274 0.0513828 -0.2271603 -0.1372946 0.9627607
1305031467.395756 -0.0362730 0.5137215 -0.5799413 0.0513640 -0.2583516 -0.1601415 0.9512995
1305031467.559763 0.0249225 0.5083465 -0.5807524 0.0417604 -0.2839825 -0.1819359 0.9404836
1305031467.727535 0.0722851 0.4844845 -0.5607900 0.0533543 -0.3056637 -0.1804300 0.9333639
1305031467.895947 0.0933629 0.4508804 -0.5203388 0.0774543 -0.3273707 -0.1800423 0.9243452
1305031468.059850 0.1042669 0.4028793 -0.4536688 0.0902600 -0.3505930 -0.1896296 0.9126765
1305031468.228158 0.1130894 0.3499258 -0.3890343 0.0894349 -0.3627612 -0.2000496 0.9057515
1305031468.428025 0.1230486 0.2569942 -0.3357421 0.0764964 -0.3573001 -0.1955110 0.9100882
1305031468.627626 0.1092035 0.1679125 -0.3186162 0.0706908 -0.3552191 -0.2172986 0.9064235
1305031468.829247 0.0721943 0.0866292 -0.3160739 0.0857147 -0.3770104 -0.2334335 0.8922023
1305031469.027699 0.0514298 0.0622775 -0.2976382 0.0466451 -0.3533827 -0.2504738 0.9001155
1305031469.327618 0.0048550 0.0343272 -0.2341351 -0.0195630 -0.3077188 -0.3129656 0.8983201
1305031469.527622 -0.0244834 0.0540196 -0.1845377 -0.0265062 -0.2627805 -0.3431783 0.9013726
1305031469.727679 -0.0449097 0.0938255 -0.1294581 -0.0679110 -0.2478455 -0.3471984 0.9018946
1305031469.959805 -0.0812238 0.1847749 -0.0959159 -0.0996539 -0.2458453 -0.3272983 0.9069206
1305031470.127633 -0.1179731 0.2476735 -0.1020218 -0.1107878 -0.2452141 -0.3200160 0.9083974
1305031470.295718 -0.1570258 0.3017981 -0.1200104 -0.1325438 -0.2420242 -0.3074132 0.9106886
1305031470.427641 -0.1913557 0.3437558 -0.1367364 -0.1478270 -0.2412174 -0.2979852 0.9116832
1305031470.595760 -0.2325590 0.3751279 -0.1584753 -0.1515406 -0.2411608 -0.2936752 0.9124866
1305031470.759682 -0.2695132 0.3975089 -0.1732812 -0.1626493 -0.2337147 -0.2780520 0.9173929
1305031470.927684 -0.3107379 0.4026631 -0.1887850 -0.1626755 -0.2239550 -0.2578490 0.9256861
1305031471.227569 -0.3580815 0.4022950 -0.2185395 -0.1114694 -0.2201358 -0.2095951 0.9461420
1305031471.395730 -0.3798403 0.3970610 -0.2277075 -0.1099231 -0.1949620 -0.1932329 0.9552842
1305031471.995573 -0.4079260 0.4169262 -0.2647494 -0.1190363 -0.1192877 -0.1143506 0.9790428
1305031472.159645 -0.4275326 0.4233855 -0.2651867 -0.1404581 -0.0931600 -0.1009002 0.9805161
1305031472.395599 -0.4400153 0.4219338 -0.2704163 -0.1227299 -0.0867615 -0.0845858 0.9850153
1305031472.927685 -0.4329491 0.3884602 -0.2606002 -0.1041127 -0.0972562 -0.0729098 0.9871099
