1305031453.523684 0.0000000 0.0000000 0.0000000 -0.0000000 -0.0000000 -0.0000000 1.0000000
1305031453.691678 0.0020499 0.0275539 -0.0673316 0.0353257 -0.0068166 0.0104288 0.9992982
1305031453.727652 -0.0034870 0.0342710 -0.0807685 0.0391877 -0.0118319 0.0057930 0.9991450
1305031453.759694 -0.0097447 0.0400398 -0.0932821 0.0435237 -0.0205638 -0.0016288 0.9988394
1305031453.827773 -0.0148698 0.0510596 -0.1181235 0.0490587 -0.0400106 -0.0152004 0.9978784
1305031453.891710 -0.0455461 0.0626455 -0.1414287 0.0486852 -0.0629149 -0.0297483 0.9963868
1305031453.927723 -0.0487153 0.0720621 -0.1427421 0.0475725 -0.0834889 -0.0331434 0.9948206
1305031453.959641 -0.0480535 0.0760601 -0.1468429 0.0445293 -0.1034794 -0.0408646 0.9927937
1305031453.991624 -0.0547994 0.0744846 -0.1527596 0.0415241 -0.1159241 -0.0528416 0.9909819
1305031454.059654 -0.0711299 0.0826638 -0.1631213 0.0448154 -0.1403907 -0.0745513 0.9862678
1305031454.091651 -0.0818703 0.0819551 -0.1673052 0.0439380 -0.1516991 -0.0880064 0.9835200
1305031454.127701 -0.0938207 0.0848097 -0.1700396 0.0474319 -0.1647817 -0.1019021 0.9799047
1305031454.191658 -0.1180642 0.0952722 -0.1806156 0.0463174 -0.1936913 -0.1289342 0.9714496
1305031454.227671 -0.1281009 0.0872279 -0.1836421 0.0448624 -0.2103240 -0.1469885 0.9654769
1305031454.291639 -0.1316075 0.0977725 -0.1849886 0.0507950 -0.2344314 -0.1728084 0.9553005
1305031454.327699 -0.1453168 0.0972236 -0.1881017 0.0511841 -0.2425711 -0.1876280 0.9504395
1305031454.359636 -0.1510341 0.1009498 -0.1877123 0.0582344 -0.2549203 -0.2020969 0.9438121
1305031454.559575 -0.1758101 0.1326292 -0.2026499 0.0668265 -0.3009821 -0.2874853 0.9068055
1305031454.627580 -0.1794221 0.1445737 -0.2093048 0.0647312 -0.3230512 -0.3177661 0.8890852
1305031454.659528 -0.1772580 0.1552956 -0.2112777 0.0606451 -0.3344634 -0.3237325 0.8829800
1305031454.727659 -0.1716984 0.1621985 -0.2122231 0.0486586 -0.3619284 -0.3348190 0.8686405
1305031454.827570 -0.1509092 0.1773222 -0.2032877 0.0318361 -0.3752719 -0.3150581 0.8711463
1305031454.859620 -0.1459749 0.1800854 -0.2007557 0.0241404 -0.3732724 -0.3079089 0.8748011
1305031454.959648 -0.1399447 0.2041042 -0.2079185 0.0143153 -0.3551539 -0.2896914 0.8886730
1305031455.191655 -0.1663031 0.2694270 -0.2433777 0.0121879 -0.3258157 -0.2682498 0.9064975
1305031455.327766 -0.1994223 0.3055144 -0.2676755 -0.0040405 -0.3045470 -0.2376869 0.9223556
1305031455.391665 -0.2135433 0.3168269 -0.2738517 -0.0227303 -0.2946872 -0.2254973 0.9283285
1305031455.527610 -0.2640378 0.3307905 -0.3095912 -0.0459043 -0.2684614 -0.1865822 0.9439324
1305031455.859526 -0.4015075 0.3265937 -0.4265550 -0.0439627 -0.2299331 -0.1532727 0.9600550
1305031455.927955 -0.4225888 0.3190244 -0.4478783 -0.0453549 -0.2218328 -0.1549288 0.9616290
1305031456.027770 -0.4451573 0.3240735 -0.4767010 -0.0463960 -0.2062162 -0.1637500 0.9635913
1305031456.091707 -0.4737733 0.3118366 -0.4876694 -0.0620106 -0.1919054 -0.1789837 0.9629599
1305031456.227678 -0.5087791 0.2951416 -0.5030171 -0.0563684 -0.1635550 -0.1756966 0.9691250
1305031456.291675 -0.5367628 0.2825407 -0.5043898 -0.0566333 -0.1379478 -0.1704339 0.9740202
1305031456.491677 -0.6147415 0.3032437 -0.4892289 -0.0386806 -0.0790409 -0.1359677 0.9867975
1305031457.159693 -0.8388084 0.3545078 -0.3779652 -0.1084993 -0.0046143 -0.0186000 0.9939118
1305031457.227543 -0.8631038 0.3566285 -0.3869898 -0.1103727 0.0122061 -0.0071145 0.9937899
1305031457.359712 -0.9111379 0.3464876 -0.4137547 -0.0991927 0.0509856 0.0144020 0.9936568
1305031457.427641 -0.9459311 0.3452241 -0.4302915 -0.0883555 0.0749899 0.0287684 0.9928455
1305031457.727669 -1.0646586 0.2979305 -0.4922022 -0.0832624 0.1050507 0.0560767 0.9893873
1305031457.791567 -1.0830952 0.2711442 -0.5009058 -0.0776482 0.1104783 0.0542374 0.9893551
1305031457.859623 -1.1105535 0.2694327 -0.5120597 -0.0616884 0.1280614 0.0539787 0.9883730
1305031457.959632 -1.1619484 0.2515092 -0.5149846 -0.0349151 0.1459666 0.0606110 0.9868136
1305031458.059689 -1.1950077 0.2395373 -0.5101085 -0.0117158 0.1550387 0.0650913 0.9856921
1305031458.159638 -1.2410438 0.2270523 -0.4824562 -0.0120150 0.1706813 0.0688495 0.9828445
1305031458.259934 -1.2901027 0.2003520 -0.4435334 -0.0266002 0.1728914 0.0717894 0.9819610
1305031458.359590 -1.3324490 0.1773534 -0.4029564 -0.0129342 0.1629199 0.0754642 0.9836641
1305031458.427598 -1.3445723 0.1892928 -0.3787998 0.0115878 0.1590030 0.0865393 0.9834098
1305031458.527737 -1.3587173 0.1988006 -0.3351847 0.0667962 0.1834309 0.0891555 0.9766999
1305031458.627659 -1.3787206 0.2374315 -0.2754566 0.0951211 0.2000642 0.0750798 0.9722599
1305031458.691674 -1.4010562 0.2368321 -0.2420858 0.0800831 0.1869995 0.0685048 0.9766909
1305031458.759945 -1.4007061 0.2394369 -0.2102158 0.0827782 0.1574867 0.0488383 0.9828329
1305031458.859887 -1.3772615 0.2414446 -0.1730550 0.0753953 0.1207729 0.0363618 0.9891447
1305031458.991647 -1.3998193 0.2242450 -0.1376964 0.0722393 0.1420653 0.0516622 0.9858651
1305031459.059631 -1.4457610 0.2148132 -0.1181706 0.0903098 0.1409055 0.0570576 0.9842430
1305031459.127618 -1.4881186 0.1933978 -0.1114911 0.1079188 0.1049988 0.0731066 0.9858926
1305031459.191674 -1.5108346 0.1981734 -0.0850888 0.1240853 0.0638324 0.0824062 0.9867814
1305031459.259760 -1.5125998 0.2087093 -0.0630559 0.1283938 0.0453517 0.1001415 0.9856115
1305031459.327632 -1.5174620 0.2100547 -0.0609433 0.1236377 0.0714841 0.1342929 0.9805963
1305031459.391667 -1.5487125 0.2430268 -0.0262681 0.1372921 0.1303042 0.1750477 0.9661936
1305031459.459679 -1.5520048 0.2377164 -0.0272660 0.1199965 0.1943696 0.2578757 0.9387873
1305031459.527594 -1.5735797 0.2607165 -0.0069471 0.1115837 0.2357263 0.3199172 0.9108431
1305031459.659641 -1.6419721 0.2616267 0.0212991 0.1090367 0.2790657 0.3666603 0.8807914
1305031459.727551 -1.6689656 0.2450426 0.0291511 0.0969444 0.2995237 0.3757338 0.8716143
1305031459.827664 -1.7140585 0.2086658 0.0460722 0.0939760 0.3150943 0.3673931 0.8700037
1305031459.959650 -1.7557752 0.1613280 0.0752712 0.0814708 0.3099986 0.3751712 0.8697758
1305031460.059659 -1.7740180 0.1199378 0.0928555 0.0747538 0.3102533 0.3864481 0.8653396
1305031460.127690 -1.7883954 0.0891076 0.1037256 0.0807170 0.2989809 0.4028891 0.8612639
1305031460.191559 -1.7922640 0.0740811 0.1188659 0.0883772 0.2839378 0.4171455 0.8588122
1305031460.259667 -1.7825682 0.0578718 0.1257564 0.0896835 0.2871684 0.4225940 0.8549302
1305031460.391611 -1.7833343 0.0194390 0.1467037 0.0839925 0.3242092 0.4299617 0.8384310
1305031460.659764 -1.7866173 -0.0544054 0.1960774 0.0512019 0.4106127 0.4590331 0.7861706
1305031460.759667 -1.7880032 -0.0837056 0.2198110 0.0382054 0.4247538 0.4593932 0.7791550
1305031460.927562 -1.7835828 -0.1283328 0.2660272 0.0088843 0.4447726 0.4512964 0.7735825
1305031460.991668 -1.7682739 -0.1514910 0.2753710 0.0028716 0.4473470 0.4551630 0.7698695
1305031461.159720 -1.7414687 -0.1958724 0.3082250 0.0012515 0.4510651 0.4529512 0.7690084
1305031461.227607 -1.7351124 -0.2027332 0.3207007 0.0043826 0.4540227 0.4454921 0.7716094
1305031461.291656 -1.7253575 -0.2113576 0.3307293 0.0060611 0.4554629 0.4358928 0.7762180
1305031461.359709 -1.7197440 -0.2084755 0.3413156 0.0037843 0.4614248 0.4269255 0.7776937
1305031461.527705 -1.6850982 -0.2237025 0.3520201 -0.0108606 0.4618898 0.4283926 0.7765434
1305031461.591690 -1.6769440 -0.2174703 0.3387436 -0.0127019 0.4667779 0.4217852 0.7772093
1305031461.691563 -1.6739011 -0.2016996 0.3335229 -0.0157622 0.4784180 0.4251872 0.7681690
1305031461.759684 -1.6686499 -0.1883553 0.3228886 -0.0167866 0.4783084 0.4338180 0.7633749
1305031461.827615 -1.6666951 -0.1669106 0.3087270 -0.0182460 0.4807569 0.4420244 0.7570696
1305031461.891723 -1.6783713 -0.1378306 0.3076548 -0.0146527 0.4881712 0.4569520 0.7434171
1305031462.159646 -1.7040560 -0.0583160 0.2867899 -0.0329495 0.4723608 0.5262392 0.7063016
1305031462.259765 -1.7218580 -0.0391986 0.2906429 -0.0481285 0.4721382 0.5246904 0.7067313
1305031462.327540 -1.7344251 -0.0220953 0.2915035 -0.0597382 0.4660168 0.5168118 0.7156572
1305031462.391695 -1.7507298 -0.0083461 0.2995070 -0.0750411 0.4616803 0.5080934 0.7232298
1305031462.527670 -1.7768265 0.0078070 0.3047624 -0.1104894 0.4322346 0.4986602 0.7431712
1305031462.591862 -1.7891260 0.0199530 0.2949268 -0.1186455 0.4160807 0.4844238 0.7603510
1305031462.659660 -1.7997652 0.0276172 0.2827048 -0.1244017 0.4086782 0.4673188 0.7740281
1305031462.759782 -1.8243821 0.0444474 0.2632157 -0.1249860 0.3922701 0.4369887 0.7997147
1305031462.827816 -1.8371623 0.0645294 0.2428402 -0.1254135 0.3784174 0.4235940 0.8134125
1305031462.891847 -1.8448939 0.0894705 0.2169985 -0.1248740 0.3696486 0.4137357 0.8225504
1305031462.959676 -1.8480338 0.1055582 0.1925995 -0.1221795 0.3641193 0.4102335 0.8271625
1305031463.027667 -1.8492448 0.1184103 0.1668653 -0.1123550 0.3567916 0.3988852 0.8372375
1305031463.127550 -1.8515041 0.1413264 0.1265867 -0.1037235 0.3431841 0.3720304 0.8561890
1305031463.195657 -1.8529785 0.1600034 0.0969176 -0.0981624 0.3368003 0.3537761 0.8670480
1305031463.260034 -1.8434722 0.1741667 0.0744080 -0.0921144 0.3329763 0.3452567 0.8726051
1305031463.359750 -1.8297756 0.1908042 0.0411218 -0.0856630 0.3220703 0.3353921 0.8811610
1305031463.459756 -1.8086638 0.2228983 0.0057036 -0.0773614 0.3090230 0.3242082 0.8907351
1305031463.559751 -1.7825203 0.2411742 -0.0305639 -0.0752367 0.3134792 0.3218317 0.8902217
1305031463.659766 -1.7487607 0.2459444 -0.0748427 -0.0710691 0.3057377 0.3194730 0.8940977
1305031463.759674 -1.7122618 0.2496443 -0.1241624 -0.0664378 0.3026219 0.3072230 0.8997889
1305031463.859910 -1.6784710 0.2406600 -0.1761867 -0.0651856 0.3046763 0.2774213 0.9088238
1305031463.995821 -1.6442270 0.2247715 -0.2387743 -0.0574178 0.2970136 0.2504024 0.9196656
1305031464.159817 -1.6131951 0.1910398 -0.3105715 -0.0487496 0.2885114 0.2167962 0.9313346
1305031464.295667 -1.6068331 0.1790778 -0.3636915 -0.0177518 0.2414371 0.2003097 0.9493519
1305031464.559703 -1.5175422 0.1692754 -0.4804034 -0.0030441 0.1947003 0.1390291 0.9709549
1305031464.727652 -1.4725927 0.1131136 -0.5549572 0.0339225 0.2353143 0.0667713 0.9690294
1305031464.895817 -1.4410707 0.1195713 -0.5680575 0.0645253 0.1803361 -0.0236185 0.9812021
1305031465.059749 -1.3731467 0.1127936 -0.5386146 0.0755714 0.1484517 -0.1197955 0.9787237
1305031465.227907 -1.2793199 0.1762266 -0.4884471 0.0184601 0.0836552 -0.1666713 0.9822839
1305031465.427697 -1.1665162 0.2046910 -0.4435621 -0.0070633 -0.0033594 -0.1075939 0.9941642
1305031465.627688 -1.0344748 0.2626570 -0.4567611 0.0108830 -0.0621250 -0.0534903 0.9965746
1305031465.859861 -0.8660679 0.3639400 -0.4730592 0.0631414 -0.1119865 0.0025931 0.9916983
1305031466.027644 -0.7663686 0.4511174 -0.4771447 0.0999558 -0.0919547 0.0044509 0.9907237
1305031466.195833 -0.7021834 0.5383127 -0.5082095 0.0810501 -0.1108880 0.0082790 0.9904879
1305031466.327702 -0.6281661 0.5627804 -0.5413886 0.0689951 -0.1141828 -0.0245517 0.9907569
1305031466.495809 -0.5551094 0.5892395 -0.5871533 0.0650232 -0.1149254 -0.0436893 0.9902804
1305031466.659688 -0.4570224 0.6057010 -0.5992414 0.0534058 -0.1102403 -0.0583179 0.9907542
1305031466.795604 -0.3875532 0.6232012 -0.6051017 0.0595853 -0.1169792 -0.0891422 0.9873293
1305031466.927756 -0.3307552 0.6323315 -0.6130145 0.0590658 -0.1533089 -0.0958442 0.9817442
1305031467.059700 -0.2605854 0.6300701 -0.6198555 0.0602540 -0.1800658 -0.1081255 0.9758354
1305031467.195663 -0.2116429 0.6344865 -0.6195444 0.0649317 -0.1919331 -0.1354630 0.9698430
1305031467.328008 -0.1586752 0.6377685 -0.6245587 0.0728987 -0.2164095 -0.1568056 0.9608667
1305031467.459692 -0.1062330 0.6409630 -0.6311616 0.0639581 -0.2426289 -0.1700773 0.9529504
1305031467.559763 -0.0613302 0.6355656 -0.6317399 0.0549696 -0.2560843 -0.1859217 0.9470124
1305031467.695886 -0.0164695 0.6187494 -0.6194433 0.0636197 -0.2746289 -0.1799331 0.9424201
1305031467.827800 0.0131421 0.5815123 -0.5892266 0.0790760 -0.2875589 -0.1898870 0.9354143
1305031467.927754 0.0249711 0.5575098 -0.5537171 0.0927289 -0.3089253 -0.1876996 0.9277583
1305031468.059850 0.0366605 0.5106382 -0.4969186 0.1027345 -0.3229504 -0.1960612 0.9201677
1305031468.195985 0.0481499 0.4668536 -0.4377857 0.1054410 -0.3349420 -0.2057935 0.9134250
1305031468.327847 0.0619897 0.3854468 -0.3892162 0.0951811 -0.3340413 -0.2053555 0.9149788
1305031468.495809 0.0691397 0.3067356 -0.3542505 0.0833164 -0.3307843 -0.2005937 0.9183694
1305031468.659579 0.0378496 0.2194195 -0.3534214 0.0796116 -0.3290960 -0.2254894 0.9135165
1305031468.795796 0.0165763 0.1577873 -0.3485500 0.0886620 -0.3483084 -0.2339201 0.9033835
1305031468.928141 0.0017428 0.1253507 -0.3378350 0.0947712 -0.3398891 -0.2416544 0.9039341
1305031469.095723 -0.0219810 0.1076802 -0.3127229 0.0358383 -0.3232275 -0.2743144 0.9049813
1305031469.227754 -0.0482721 0.0795617 -0.2833426 0.0014086 -0.2897017 -0.3053423 0.9071037
1305031469.359592 -0.0618304 0.0764806 -0.2412931 -0.0188792 -0.2754984 -0.3205354 0.9060912
1305031469.495744 -0.0872505 0.0942848 -0.2049901 -0.0152854 -0.2343461 -0.3433492 0.9093732
1305031469.795621 -0.1199259 0.1780513 -0.1146502 -0.0677965 -0.2116340 -0.3389157 0.9141941
1305031469.959805 -0.1552790 0.2488700 -0.0879183 -0.0899573 -0.2147502 -0.3274793 0.9157223
1305031470.095944 -0.1881916 0.3053425 -0.0871158 -0.0974995 -0.2159788 -0.3220689 0.9165798
1305031470.227618 -0.2238585 0.3594785 -0.0993960 -0.1103315 -0.2139788 -0.3103110 0.9196451
1305031470.327644 -0.2523221 0.3957910 -0.1103672 -0.1274820 -0.2090766 -0.3029140 0.9210203
1305031470.427641 -0.2811272 0.4292304 -0.1220750 -0.1374597 -0.2112634 -0.2962437 0.9212558
1305031470.559677 -0.3201309 0.4593629 -0.1397427 -0.1392676 -0.2123755 -0.2946960 0.9212250
1305031470.695630 -0.3542808 0.4825390 -0.1507749 -0.1502090 -0.2103392 -0.2809140 0.9242738
1305031470.795615 -0.3790061 0.4950218 -0.1573390 -0.1545914 -0.1998640 -0.2727837 0.9283022
1305031470.895722 -0.4030263 0.5038687 -0.1650057 -0.1448422 -0.2002245 -0.2571337 0.9342447
1305031471.195703 -0.4705457 0.4940797 -0.2010144 -0.1012230 -0.1947117 -0.2134124 0.9519960
1305031471.359615 -0.4926915 0.4939547 -0.2107359 -0.0961501 -0.1756901 -0.1951125 0.9601142
1305031471.527624 -0.5158668 0.4937388 -0.2244249 -0.0937592 -0.1613940 -0.1701029 0.9675879
1305031471.927651 -0.5327631 0.5071101 -0.2500812 -0.1065029 -0.1053922 -0.1160991 0.9818710
1305031472.027638 -0.5418818 0.5170541 -0.2524098 -0.1124320 -0.0823428 -0.1080027 0.9843344
1305031472.159645 -0.5584626 0.5242650 -0.2505990 -0.1235244 -0.0650343 -0.0962575 0.9855185
1305031472.427686 -0.5746652 0.5180860 -0.2563629 -0.1061793 -0.0610339 -0.0801602 0.9892296
1305031472.563587 -0.5740592 0.5052873 -0.2553166 -0.1023630 -0.0603634 -0.0788256 0.9897801
1305031472.727628 -0.5671608 0.4928221 -0.2528790 -0.0949134 -0.0673780 -0.0714368 0.9906303
1305031472.863598 -0.5656583 0.4846562 -0.2487593 -0.0870549 -0.0660279 -0.0726216 0.9913566
1305031473.063684 -0.5647602 0.4811854 -0.2432251 -0.0893396 -0.0711368 -0.0679562 0.9911307
