1305031453.523684 0.0000000 0.0000000 0.0000000 -0.0000000 -0.0000000 -0.0000000 1.0000000
1305031453.691678 0.0014667 0.0270708 -0.0654537 0.0356161 -0.0065854 0.0104033 0.9992897
1305031453.727652 -0.0034352 0.0346870 -0.0779763 0.0401072 -0.0117601 0.0059940 0.9991083
1305031453.759694 -0.0074101 0.0401874 -0.0903414 0.0443680 -0.0214011 -0.0014214 0.9987850
1305031453.791716 -0.0092019 0.0443339 -0.1021597 0.0473631 -0.0319627 -0.0089075 0.9983265
1305031453.859705 -0.0374194 0.0618297 -0.1229539 0.0534477 -0.0457153 -0.0228659 0.9972615
1305031453.891710 -0.0461519 0.0673708 -0.1340593 0.0520855 -0.0611441 -0.0300405 0.9963163
1305031453.927723 -0.0513655 0.0700564 -0.1419148 0.0479887 -0.0804805 -0.0340064 0.9950194
1305031453.959641 -0.0560714 0.0768592 -0.1444402 0.0463120 -0.0980900 -0.0420377 0.9932102
1305031454.027662 -0.0695591 0.0786900 -0.1537143 0.0453561 -0.1237499 -0.0638878 0.9892154
1305031454.059654 -0.0778895 0.0841683 -0.1584729 0.0467216 -0.1350160 -0.0749790 0.9868972
1305031454.091651 -0.0892678 0.0841496 -0.1610489 0.0459580 -0.1460498 -0.0885156 0.9842370
1305031454.127701 -0.1020377 0.0865957 -0.1640832 0.0492471 -0.1586951 -0.1028845 0.9807168
1305031454.227671 -0.1341083 0.0895398 -0.1769011 0.0462949 -0.2043308 -0.1466410 0.9667482
1305031454.291639 -0.1396808 0.1021788 -0.1789311 0.0533518 -0.2269752 -0.1734018 0.9568530
1305031454.359636 -0.1605669 0.1044141 -0.1829029 0.0601469 -0.2464825 -0.2039622 0.9455307
1305031454.391677 -0.1644785 0.1096654 -0.1868334 0.0621320 -0.2540311 -0.2149026 0.9409701
1305031454.527700 -0.1791697 0.1299237 -0.1930570 0.0710152 -0.2877321 -0.2751770 0.9145735
1305031454.559575 -0.1842026 0.1377922 -0.1958216 0.0694575 -0.2919745 -0.2884012 0.9092586
1305031454.591635 -0.1878451 0.1418366 -0.1991611 0.0668569 -0.3020989 -0.3058093 0.9004149
1305031454.659528 -0.1857878 0.1541956 -0.2033458 0.0601221 -0.3269467 -0.3252594 0.8852670
1305031454.691884 -0.1860418 0.1601552 -0.2029172 0.0536326 -0.3406625 -0.3315865 0.8781362
1305031454.827570 -0.1607442 0.1792641 -0.1944356 0.0329782 -0.3672443 -0.3147054 0.8746454
1305031454.859620 -0.1574116 0.1813628 -0.1936777 0.0251534 -0.3643144 -0.3084655 0.8783458
1305031455.027799 -0.1536128 0.2251952 -0.2089510 0.0147627 -0.3403671 -0.2808869 0.8972374
1305031455.091700 -0.1593627 0.2399043 -0.2165740 0.0163961 -0.3328848 -0.2785811 0.9007283
1305031455.427642 -0.2351757 0.3180202 -0.2697621 -0.0278090 -0.2756986 -0.2150692 0.9364626
1305031455.459589 -0.2473417 0.3204244 -0.2771461 -0.0330343 -0.2701853 -0.2073946 0.9396256
1305031455.527610 -0.2722249 0.3275100 -0.2931671 -0.0423879 -0.2594204 -0.1854030 0.9468527
1305031455.591645 -0.2979743 0.3357090 -0.3143218 -0.0481297 -0.2569658 -0.1581951 0.9521694
1305031455.859526 -0.4024752 0.3233143 -0.4007672 -0.0404527 -0.2219327 -0.1522246 0.9622563
1305031455.927955 -0.4223841 0.3165273 -0.4203181 -0.0417079 -0.2141603 -0.1540121 0.9636784
1305031456.027770 -0.4447289 0.3217210 -0.4474600 -0.0427353 -0.1979576 -0.1624985 0.9657022
1305031456.091707 -0.4727151 0.3085459 -0.4582254 -0.0594607 -0.1833716 -0.1777537 0.9650093
1305031456.291675 -0.5322066 0.2816755 -0.4728550 -0.0535150 -0.1294751 -0.1690751 0.9755952
1305031456.391619 -0.5634564 0.2748691 -0.4666556 -0.0442251 -0.0931900 -0.1545345 0.9825878
1305031456.759615 -0.7056805 0.3129545 -0.3985909 -0.0804376 -0.0407344 -0.0809852 0.9926288
1305031457.059621 -0.7857472 0.3589819 -0.3485170 -0.0889587 -0.0184094 -0.0302371 0.9954060
1305031457.127632 -0.8074347 0.3475614 -0.3444833 -0.1060148 -0.0039003 -0.0231063 0.9940884
1305031457.227543 -0.8406503 0.3516201 -0.3551219 -0.1050529 0.0206297 -0.0046875 0.9942416
1305031457.459614 -0.9328194 0.3365610 -0.4023469 -0.0830241 0.0870379 0.0369254 0.9920524
1305031457.591678 -0.9821635 0.3192374 -0.4332925 -0.0727214 0.1038205 0.0505820 0.9906434
1305031457.659632 -1.0093040 0.3156661 -0.4457729 -0.0676244 0.1100226 0.0574114 0.9899626
1305031457.827699 -1.0646273 0.2785903 -0.4683229 -0.0570397 0.1273029 0.0561320 0.9886302
1305031457.927633 -1.1110728 0.2512282 -0.4702814 -0.0374950 0.1519374 0.0595500 0.9858818
1305031458.027845 -1.1436161 0.2309039 -0.4673753 -0.0189007 0.1581433 0.0647791 0.9851077
1305031458.091690 -1.1679189 0.2402440 -0.4620714 -0.0062887 0.1679194 0.0699003 0.9832993
1305031458.159638 -1.1973475 0.2265725 -0.4419961 -0.0076864 0.1778050 0.0714482 0.9814385
1305031458.259934 -1.2436744 0.2019183 -0.4036027 -0.0217568 0.1801919 0.0743614 0.9805753
1305031458.559628 -1.3074797 0.2034321 -0.2836846 0.0796707 0.1987539 0.0897429 0.9726745
1305031458.627659 -1.3276337 0.2350226 -0.2424679 0.0999543 0.2093110 0.0761516 0.9697417
1305031458.691674 -1.3417267 0.2368542 -0.2056355 0.0860589 0.1932989 0.0697021 0.9748697
1305031458.759945 -1.3414613 0.2408762 -0.1721397 0.0900601 0.1650062 0.0507134 0.9808620
1305031458.859887 -1.3223883 0.2375338 -0.1454855 0.0796882 0.1291144 0.0385199 0.9876717
1305031458.927621 -1.3258429 0.2523198 -0.1313061 0.0892208 0.1362932 0.0340066 0.9860564
1305031458.991647 -1.3449466 0.2220867 -0.1095458 0.0772193 0.1516700 0.0527339 0.9839982
1305031459.059631 -1.3849093 0.2108160 -0.0929005 0.0951296 0.1481888 0.0606000 0.9825060
1305031459.159639 -1.4477981 0.1927475 -0.0700186 0.1226763 0.0935725 0.0761893 0.9850837
1305031459.227607 -1.4582289 0.1957811 -0.0546136 0.1307198 0.0621929 0.0924246 0.9851407
1305031459.291690 -1.4560039 0.2097754 -0.0378876 0.1315907 0.0660192 0.1122495 0.9827133
1305031459.359651 -1.4741215 0.2129640 -0.0248719 0.1357915 0.1115320 0.1490609 0.9730890
1305031459.427646 -1.4863011 0.2310216 -0.0223888 0.1252216 0.1698522 0.2185445 0.9527372
1305031459.491555 -1.4998167 0.2296450 -0.0060077 0.1183612 0.2230319 0.3018292 0.9193186
1305031459.559647 -1.5322531 0.2514288 0.0201760 0.1161232 0.2662694 0.3445708 0.8926853
1305031459.627608 -1.5615847 0.2489464 0.0320886 0.1128250 0.2782816 0.3697667 0.8792624
1305031459.791650 -1.6250180 0.2100520 0.0595434 0.1001623 0.3211665 0.3724083 0.8649461
1305031459.859660 -1.6523921 0.1893033 0.0744839 0.0946137 0.3237623 0.3691775 0.8659874
1305031459.927607 -1.6664120 0.1643310 0.0847551 0.0870799 0.3169668 0.3761809 0.8662778
1305031460.059659 -1.6936500 0.1173891 0.1096392 0.0806975 0.3170627 0.3893614 0.8610209
1305031460.127690 -1.7058033 0.0874972 0.1193191 0.0865392 0.3051592 0.4059920 0.8570644
1305031460.191559 -1.7104571 0.0727066 0.1335987 0.0942589 0.2907892 0.4202666 0.8543612
1305031460.259667 -1.6997573 0.0588424 0.1406526 0.0959220 0.2937271 0.4251778 0.8507333
1305031460.391611 -1.7013725 0.0218132 0.1606070 0.0902825 0.3313629 0.4326366 0.8335906
1305031460.459620 -1.6996140 0.0075286 0.1684978 0.0872999 0.3528585 0.4412649 0.8204601
1305031460.527570 -1.7028952 -0.0091395 0.1843406 0.0749259 0.3804284 0.4562274 0.8009475
1305031460.627625 -1.6995944 -0.0399618 0.1989425 0.0587808 0.4075874 0.4638846 0.7843649
1305031460.691671 -1.7064365 -0.0598522 0.2171721 0.0531211 0.4239878 0.4634416 0.7762954
1305031460.791660 -1.7055689 -0.0868533 0.2396381 0.0406666 0.4372691 0.4614165 0.7708676
1305031460.927562 -1.6971428 -0.1208571 0.2720225 0.0133054 0.4508607 0.4555245 0.7674927
1305031461.059662 -1.6764219 -0.1591205 0.2959618 0.0117292 0.4584242 0.4593273 0.7607419
1305031461.127586 -1.6637511 -0.1728254 0.3058426 0.0065152 0.4555866 0.4586461 0.7629169
1305031461.192013 -1.6542051 -0.1859795 0.3178720 0.0089598 0.4589351 0.4517369 0.7650046
1305031461.291656 -1.6406963 -0.1993868 0.3319433 0.0100705 0.4618394 0.4401264 0.7699946
1305031461.459781 -1.6178505 -0.2029064 0.3540422 -0.0048254 0.4686773 0.4331002 0.7698978
1305031461.591690 -1.5947559 -0.2036431 0.3392350 -0.0082665 0.4735421 0.4262945 0.7706897
1305031461.691563 -1.5917945 -0.1891562 0.3343545 -0.0117964 0.4849530 0.4297383 0.7615815
1305031461.759684 -1.5876312 -0.1758054 0.3236889 -0.0121314 0.4845808 0.4384044 0.7568592
1305031461.827615 -1.5865841 -0.1558181 0.3113788 -0.0137214 0.4874663 0.4461221 0.7504421
1305031461.891723 -1.5989220 -0.1288105 0.3104060 -0.0096834 0.4948670 0.4610768 0.7364924
1305031462.259765 -1.6393754 -0.0362767 0.2960223 -0.0430825 0.4782636 0.5290660 0.6996406
1305031462.359732 -1.6566571 -0.0197208 0.3009798 -0.0649663 0.4719708 0.5182563 0.7102347
1305031462.459897 -1.6778646 0.0039051 0.3055150 -0.0859103 0.4508514 0.5090476 0.7281642
1305031462.591862 -1.7035244 0.0197086 0.3012743 -0.1138324 0.4218706 0.4890577 0.7549105
1305031462.659660 -1.7147766 0.0276006 0.2905060 -0.1191484 0.4153625 0.4713314 0.7688461
1305031462.727652 -1.7308555 0.0353952 0.2816969 -0.1197515 0.4079206 0.4516612 0.7843867
1305031462.791943 -1.7447815 0.0539169 0.2637109 -0.1189725 0.3927526 0.4328981 0.8026146
1305031462.859782 -1.7547081 0.0772386 0.2418335 -0.1197082 0.3785221 0.4220341 0.8150326
1305031462.959676 -1.7622647 0.1022040 0.2070708 -0.1168055 0.3717002 0.4141246 0.8226156
1305031463.027667 -1.7643079 0.1145564 0.1824928 -0.1067768 0.3642484 0.4024783 0.8330265
1305031463.095809 -1.7670294 0.1321778 0.1565062 -0.1001593 0.3524258 0.3858952 0.8466694
1305031463.195657 -1.7677852 0.1551617 0.1165521 -0.0917258 0.3438916 0.3590389 0.8627954
1305031463.295737 -1.7587889 0.1737373 0.0828110 -0.0852002 0.3385655 0.3447944 0.8713387
1305031463.427716 -1.7343254 0.2059212 0.0407500 -0.0730212 0.3178973 0.3319156 0.8851222
1305031463.527670 -1.7058952 0.2267160 0.0022968 -0.0742076 0.3151126 0.3266864 0.8879602
1305031463.627588 -1.6820287 0.2360685 -0.0327671 -0.0727510 0.3117648 0.3261504 0.8894582
1305031463.727588 -1.6529260 0.2486391 -0.0760106 -0.0614475 0.3085778 0.3168793 0.8947577
1305031463.827761 -1.6218470 0.2447388 -0.1250611 -0.0559690 0.3115931 0.2913632 0.9027097
1305031463.959680 -1.5847687 0.2274970 -0.1867678 -0.0536482 0.3077791 0.2613298 0.9132911
1305031464.127681 -1.5541191 0.1983072 -0.2620772 -0.0477421 0.3004263 0.2223513 0.9262962
1305031464.295667 -1.5412915 0.1786197 -0.3226960 -0.0126066 0.2481669 0.2040592 0.9468971
1305031464.495633 -1.4759417 0.1728066 -0.4040627 0.0033711 0.2060324 0.1612865 0.9651560
1305031464.659749 -1.4151843 0.1382632 -0.4894224 0.0132201 0.2219322 0.1103812 0.9687039
1305031464.827759 -1.4138315 0.1184362 -0.5094082 0.0656870 0.2267051 0.0164028 0.9716074
1305031464.995687 -1.3391633 0.0986371 -0.5172612 0.0665054 0.1633183 -0.0759423 0.9813954
1305031465.127664 -1.2906767 0.1491618 -0.4715646 0.0553004 0.1289631 -0.1491954 0.9788009
1305031465.295623 -1.2077734 0.1821978 -0.4256842 0.0023864 0.0731535 -0.1566277 0.9849420
1305031465.495703 -1.0865446 0.2347174 -0.4066064 0.0020000 -0.0185285 -0.0824786 0.9964186
1305031465.727682 -0.9330606 0.2952800 -0.4273227 0.0330418 -0.0825085 -0.0249396 0.9957302
1305031465.959710 -0.7720551 0.4029647 -0.4337444 0.0888691 -0.0944684 0.0100205 0.9915027
1305031466.095840 -0.7249059 0.4814778 -0.4504490 0.1025162 -0.0839382 0.0059155 0.9911659
1305031466.227951 -0.6735468 0.5348445 -0.4760165 0.0760996 -0.1133098 0.0032116 0.9906359
1305031466.359829 -0.6054711 0.5572593 -0.5126376 0.0704152 -0.0982349 -0.0303181 0.9922059
1305031466.527538 -0.5295354 0.5775514 -0.5489272 0.0684446 -0.1080428 -0.0434772 0.9908339
1305031466.659688 -0.4584639 0.5900927 -0.5589891 0.0582168 -0.1025719 -0.0575240 0.9913530
1305031466.795604 -0.3944537 0.6059744 -0.5675049 0.0636245 -0.1080917 -0.0886922 0.9881305
1305031466.927756 -0.3405432 0.6146303 -0.5743956 0.0630232 -0.1449036 -0.0945782 0.9828967
1305031467.095687 -0.2623586 0.6144375 -0.5832966 0.0627454 -0.1721800 -0.1122417 0.9766365
1305031467.259694 -0.2013478 0.6137867 -0.5861210 0.0700893 -0.1969460 -0.1451478 0.9670739
1305031467.395756 -0.1506061 0.6226507 -0.5936735 0.0683071 -0.2220750 -0.1638516 0.9587333
1305031467.527663 -0.0963001 0.6220142 -0.6003854 0.0579382 -0.2459628 -0.1824187 0.9501941
1305031467.627532 -0.0657503 0.6087012 -0.5974205 0.0564808 -0.2538095 -0.1826881 0.9481645
1305031467.759907 -0.0270086 0.5845221 -0.5785916 0.0747178 -0.2710871 -0.1868268 0.9412889
1305031467.895947 -0.0071596 0.5539714 -0.5419058 0.0930804 -0.2911333 -0.1852500 0.9339485
1305031467.995754 0.0097585 0.5281388 -0.5011729 0.1050233 -0.3104905 -0.1900594 0.9254422
1305031468.159864 0.0183245 0.4670339 -0.4345839 0.1075145 -0.3239590 -0.2028894 0.9177838
1305031468.295830 0.0343900 0.4033389 -0.3837306 0.0993381 -0.3261004 -0.2065174 0.9171374
1305031468.428025 0.0422617 0.3346203 -0.3530568 0.0910366 -0.3222873 -0.2018936 0.9203708
1305031468.559739 0.0328458 0.2600803 -0.3427894 0.0876319 -0.3176236 -0.2167303 0.9189472
1305031468.695835 0.0087202 0.2031180 -0.3424522 0.0843387 -0.3259009 -0.2298908 0.9131407
1305031468.859659 -0.0083602 0.1458302 -0.3310049 0.1025926 -0.3423232 -0.2431506 0.9017580
1305031469.027699 -0.0282063 0.1304564 -0.3170641 0.0632472 -0.3172843 -0.2546105 0.9113199
1305031469.159703 -0.0469731 0.0897676 -0.2883481 0.0123100 -0.2990353 -0.2951588 0.9073630
1305031469.359592 -0.0743254 0.0824754 -0.2335417 -0.0174443 -0.2679393 -0.3201634 0.9085150
1305031469.527622 -0.1029689 0.1134024 -0.1907810 -0.0144043 -0.2248287 -0.3426251 0.9120595
1305031469.659590 -0.1127689 0.1342701 -0.1458643 -0.0469295 -0.2206222 -0.3448512 0.9111537
1305031469.795621 -0.1308492 0.1808892 -0.1121434 -0.0661517 -0.2022906 -0.3376186 0.9169058
1305031469.927854 -0.1535859 0.2351221 -0.0884522 -0.0854567 -0.2051046 -0.3260295 0.9188765
1305031470.059638 -0.1859396 0.2891982 -0.0817932 -0.0932967 -0.2090599 -0.3212059 0.9189214
1305031470.196092 -0.2201305 0.3416463 -0.0902711 -0.1034717 -0.2070301 -0.3112043 0.9217288
1305031470.327644 -0.2569019 0.3871366 -0.1039668 -0.1249761 -0.2005646 -0.3009202 0.9239058
1305031470.427641 -0.2846782 0.4187724 -0.1136322 -0.1349238 -0.2026872 -0.2940622 0.9242515
1305031470.527689 -0.3134099 0.4413492 -0.1257918 -0.1348175 -0.2046872 -0.2928446 0.9242129
1305031470.659690 -0.3461564 0.4633287 -0.1377228 -0.1444049 -0.2016264 -0.2820044 0.9268050
1305031470.759682 -0.3709943 0.4739849 -0.1446202 -0.1518824 -0.1969422 -0.2745250 0.9288604
1305031470.859645 -0.3936776 0.4860975 -0.1493448 -0.1458317 -0.1905267 -0.2603491 0.9352278
1305031470.959647 -0.4246989 0.4807161 -0.1613903 -0.1416815 -0.1910468 -0.2493362 0.9387539
1305031471.227569 -0.4700312 0.4833491 -0.1866298 -0.0953810 -0.1832028 -0.2061915 0.9564645
1305031471.359615 -0.4856591 0.4792641 -0.1936560 -0.0932449 -0.1683172 -0.1931991 0.9621065
1305031471.895604 -0.5229830 0.4907938 -0.2310143 -0.0965140 -0.1035438 -0.1163457 0.9830704
1305031472.027638 -0.5334508 0.5011004 -0.2327163 -0.1091021 -0.0746581 -0.1055529 0.9855869
1305031472.127594 -0.5441831 0.5125786 -0.2329696 -0.1123958 -0.0596509 -0.0942447 0.9873839
1305031472.463603 -0.5622551 0.5001999 -0.2360881 -0.1010266 -0.0568456 -0.0782658 0.9901701
1305031473.196069 -0.5552248 0.4646553 -0.2229065 -0.0832502 -0.0634488 -0.0690285 0.9921082
