1305031453.523684 0.0000000 0.0000000 0.0000000 -0.0000000 -0.0000000 -0.0000000 1.0000000
1305031453.691678 0.0012951 0.0205525 -0.0603720 0.0331746 -0.0070410 0.0090684 0.9993836
1305031453.727652 -0.0032406 0.0263800 -0.0723945 0.0369613 -0.0122522 0.0040456 0.9992334
1305031453.759694 -0.0063795 0.0313702 -0.0842224 0.0412551 -0.0222877 -0.0033614 0.9988944
1305031453.827773 -0.0129176 0.0373648 -0.1068751 0.0449393 -0.0409846 -0.0172156 0.9980002
1305031453.891710 -0.0185590 0.0447070 -0.1340902 0.0432270 -0.0726628 -0.0324977 0.9958892
1305031453.927723 -0.0213230 0.0465428 -0.1392237 0.0390941 -0.0930220 -0.0369530 0.9942098
1305031453.991624 -0.0299825 0.0530091 -0.1429760 0.0349102 -0.1250675 -0.0547212 0.9900227
1305031454.027662 -0.0328795 0.0549039 -0.1459358 0.0368260 -0.1401854 -0.0640932 0.9873621
1305031454.059654 -0.0409975 0.0596437 -0.1506147 0.0381804 -0.1516786 -0.0759480 0.9847679
1305031454.127701 -0.0605259 0.0631294 -0.1584410 0.0419082 -0.1767293 -0.1029401 0.9779641
1305031454.159672 -0.0711258 0.0705718 -0.1629854 0.0437256 -0.1905274 -0.1145316 0.9739969
1305031454.191658 -0.0727045 0.0708301 -0.1669661 0.0409325 -0.2102432 -0.1286108 0.9682880
1305031454.227671 -0.0870585 0.0649664 -0.1679270 0.0398961 -0.2249381 -0.1465116 0.9624684
1305031454.259627 -0.0886469 0.0712655 -0.1675866 0.0473606 -0.2399305 -0.1612512 0.9561320
1305031454.327699 -0.1036189 0.0711403 -0.1755597 0.0454776 -0.2562692 -0.1879673 0.9470619
1305031454.391677 -0.1161874 0.0817305 -0.1789439 0.0554884 -0.2747310 -0.2131246 0.9359604
1305031454.559575 -0.1343025 0.1045949 -0.1895226 0.0628060 -0.3134427 -0.2867927 0.9030831
1305031454.591635 -0.1357950 0.1068507 -0.1939350 0.0599290 -0.3240072 -0.3041638 0.8938189
1305031454.659528 -0.1362809 0.1200668 -0.1979852 0.0542484 -0.3473386 -0.3229547 0.8786998
1305031454.727659 -0.1292970 0.1285658 -0.1976651 0.0430840 -0.3749062 -0.3317420 0.8646019
1305031454.859620 -0.1080223 0.1465104 -0.1879610 0.0192527 -0.3848447 -0.3056594 0.8706872
1305031455.159720 -0.1184759 0.2201463 -0.2223594 0.0112791 -0.3421268 -0.2715301 0.8994963
1305031455.227581 -0.1325135 0.2346371 -0.2322697 0.0073586 -0.3331632 -0.2609939 0.9059969
1305031455.459589 -0.1889323 0.2744443 -0.2720510 -0.0420314 -0.2911408 -0.2078207 0.9328885
1305031455.527610 -0.2113706 0.2796265 -0.2892318 -0.0528445 -0.2801007 -0.1860858 0.9402783
1305031455.559669 -0.2257164 0.2837850 -0.3007452 -0.0548450 -0.2772931 -0.1734021 0.9434152
1305031455.791666 -0.3076386 0.2776824 -0.3708391 -0.0544976 -0.2506135 -0.1514976 0.9546053
1305031456.027770 -0.3667442 0.2739455 -0.4391676 -0.0521129 -0.2195938 -0.1635354 0.9603744
1305031456.091707 -0.3928071 0.2624975 -0.4505131 -0.0676409 -0.2050871 -0.1791351 0.9598305
1305031456.259614 -0.4349055 0.2410157 -0.4654131 -0.0643408 -0.1643180 -0.1751289 0.9686019
1305031456.327718 -0.4555189 0.2290898 -0.4649329 -0.0600314 -0.1423275 -0.1646575 0.9741802
1305031456.391619 -0.4765348 0.2314876 -0.4614667 -0.0524659 -0.1158038 -0.1568059 0.9794124
1305031456.459610 -0.5029894 0.2498068 -0.4591515 -0.0395952 -0.0957798 -0.1417735 0.9844586
1305031457.059621 -0.6893663 0.3116132 -0.3609686 -0.1017198 -0.0404101 -0.0340534 0.9934085
1305031457.127632 -0.7099947 0.3026610 -0.3583971 -0.1175371 -0.0257134 -0.0279522 0.9923419
1305031457.191735 -0.7302227 0.3082095 -0.3671345 -0.1127167 -0.0089752 -0.0153507 0.9934680
1305031457.259691 -0.7512341 0.2938960 -0.3723013 -0.1202128 0.0062690 -0.0048861 0.9927164
1305031457.391684 -0.7969624 0.2920949 -0.4024804 -0.1011698 0.0511200 0.0193476 0.9933665
1305031457.591678 -0.8705225 0.2746578 -0.4490613 -0.0855588 0.0823004 0.0450193 0.9919071
1305031457.659632 -0.8959279 0.2698741 -0.4619868 -0.0814290 0.0888706 0.0521525 0.9913383
1305031457.759556 -0.9277800 0.2437616 -0.4729745 -0.0892519 0.0939024 0.0516047 0.9902290
1305031457.827699 -0.9454619 0.2322341 -0.4849108 -0.0719340 0.1052586 0.0519631 0.9904777
1305031457.927633 -0.9883648 0.2114263 -0.4883450 -0.0497206 0.1293299 0.0547275 0.9888410
1305031457.991644 -1.0109258 0.1996624 -0.4891752 -0.0397795 0.1325621 0.0596643 0.9885773
1305031458.091690 -1.0447980 0.1999415 -0.4833641 -0.0192967 0.1464286 0.0652218 0.9868801
1305031458.159638 -1.0738615 0.1866978 -0.4650155 -0.0210477 0.1567053 0.0668648 0.9851546
1305031458.259934 -1.1207600 0.1647799 -0.4275644 -0.0350812 0.1599209 0.0690542 0.9840865
1305031458.327628 -1.1471010 0.1646210 -0.4079982 -0.0232567 0.1521217 0.0714976 0.9854980
1305031458.459637 -1.1664960 0.1438409 -0.3633885 0.0105597 0.1479303 0.0927485 0.9845826
1305031458.527737 -1.1843884 0.1628717 -0.3351914 0.0571686 0.1702893 0.0884770 0.9797475
1305031458.591641 -1.1968232 0.1720922 -0.3000695 0.0762205 0.1863332 0.0800153 0.9762520
1305031458.659623 -1.2230178 0.2008481 -0.2625379 0.0802472 0.1895689 0.0734805 0.9758200
1305031458.791632 -1.2220604 0.2198790 -0.2084501 0.0783108 0.1273565 0.0368380 0.9880742
1305031458.859887 -1.2071357 0.2047495 -0.1910593 0.0671277 0.1082439 0.0356534 0.9912144
1305031458.927621 -1.2116601 0.2186278 -0.1795378 0.0763582 0.1153836 0.0322042 0.9898580
1305031458.991647 -1.2323197 0.1906671 -0.1607938 0.0641315 0.1318624 0.0494404 0.9879550
1305031459.059631 -1.2690325 0.1794156 -0.1501679 0.0809736 0.1276522 0.0586975 0.9867638
1305031459.127618 -1.3146433 0.1598254 -0.1461780 0.0975652 0.0947228 0.0737662 0.9879611
1305031459.191674 -1.3354856 0.1683174 -0.1145038 0.1156436 0.0545288 0.0816210 0.9884287
1305031459.259760 -1.3355600 0.1778001 -0.0958786 0.1195313 0.0355186 0.0996634 0.9871767
1305031459.327632 -1.3375821 0.1809076 -0.0886351 0.1154020 0.0616236 0.1327567 0.9824768
1305031459.391667 -1.3647438 0.2096288 -0.0609617 0.1275587 0.1198563 0.1704174 0.9697016
1305031459.459679 -1.3740206 0.2223338 -0.0513292 0.1209365 0.1877232 0.2432344 0.9439129
1305031459.527594 -1.4060807 0.2321585 -0.0412592 0.1062858 0.2366636 0.3101415 0.9146070
1305031459.591695 -1.4346610 0.2302558 -0.0294937 0.1027322 0.2633559 0.3516839 0.8924171
1305031459.659641 -1.4504634 0.2268674 -0.0232288 0.0985434 0.2710139 0.3642100 0.8855460
1305031459.727551 -1.4748498 0.2116604 -0.0147039 0.0860968 0.2927772 0.3729810 0.8762158
1305031459.959650 -1.5534265 0.1378189 0.0254436 0.0707388 0.3026855 0.3723478 0.8744911
1305031460.059659 -1.5713193 0.0997381 0.0406247 0.0634229 0.3033306 0.3838592 0.8698392
1305031460.127690 -1.5832977 0.0730114 0.0515505 0.0693821 0.2920690 0.3998491 0.8660269
1305031460.191559 -1.5877043 0.0580894 0.0644940 0.0761300 0.2774374 0.4150864 0.8630968
1305031460.259667 -1.5789171 0.0460702 0.0723129 0.0783909 0.2806841 0.4195537 0.8596779
1305031460.327512 -1.5805901 0.0256841 0.0807400 0.0770358 0.2988707 0.4207880 0.8530412
1305031460.491504 -1.5845541 -0.0025767 0.1073319 0.0673119 0.3554776 0.4390582 0.8223945
1305031460.559647 -1.5802157 -0.0288466 0.1166233 0.0489600 0.3765955 0.4542136 0.8058963
1305031460.659764 -1.5839156 -0.0557086 0.1349080 0.0390885 0.4047877 0.4556536 0.7918325
1305031460.827660 -1.5879829 -0.0956841 0.1741345 0.0189554 0.4269503 0.4519200 0.7830213
1305031460.927562 -1.5826545 -0.1209969 0.1983687 -0.0030095 0.4388883 0.4473695 0.7792488
1305031461.091728 -1.5618428 -0.1630008 0.2311861 -0.0066369 0.4455966 0.4507320 0.7734600
1305031461.159720 -1.5467274 -0.1808102 0.2403043 -0.0106353 0.4464283 0.4481647 0.7744269
1305031461.291656 -1.5326943 -0.1948836 0.2598237 -0.0058562 0.4499787 0.4314982 0.7818531
1305031461.359709 -1.5283363 -0.1917563 0.2701402 -0.0078070 0.4563009 0.4220837 0.7833096
1305031461.427624 -1.5120366 -0.2016830 0.2776902 -0.0190609 0.4559683 0.4231498 0.7827349
1305031461.527705 -1.4972911 -0.2057838 0.2801251 -0.0226500 0.4565976 0.4237967 0.7819220
1305031461.591690 -1.4894125 -0.1995530 0.2686070 -0.0239008 0.4614737 0.4171674 0.7825868
1305031461.691563 -1.4867035 -0.1853446 0.2636350 -0.0269187 0.4731945 0.4201470 0.7738467
1305031461.759684 -1.4820570 -0.1740736 0.2539742 -0.0282559 0.4733372 0.4288262 0.7689354
1305031461.827615 -1.4799209 -0.1552710 0.2414811 -0.0299362 0.4761888 0.4367892 0.7626030
1305031461.927758 -1.4890339 -0.1192241 0.2315122 -0.0295820 0.4781781 0.4628634 0.7458071
1305031462.327540 -1.5388867 -0.0274733 0.2231846 -0.0733915 0.4630399 0.5118217 0.7198932
1305031462.427635 -1.5585586 -0.0120867 0.2315416 -0.0987832 0.4523984 0.5011973 0.7310122
1305031462.591862 -1.5885744 0.0112849 0.2235857 -0.1319134 0.4116144 0.4788357 0.7641262
1305031462.659660 -1.5984734 0.0177936 0.2125714 -0.1373710 0.4044879 0.4615320 0.7775005
1305031462.727652 -1.6137503 0.0264444 0.2034616 -0.1369064 0.3965498 0.4410991 0.7933703
1305031462.791943 -1.6259239 0.0425203 0.1849180 -0.1365960 0.3806130 0.4231408 0.8108189
1305031462.859782 -1.6343113 0.0645581 0.1628593 -0.1369032 0.3657452 0.4125368 0.8229832
1305031462.927607 -1.6385137 0.0812714 0.1388557 -0.1355291 0.3613384 0.4069010 0.8279480
1305031463.027667 -1.6402954 0.0974974 0.1053892 -0.1249333 0.3507107 0.3936773 0.8404831
1305031463.095809 -1.6415486 0.1142958 0.0799217 -0.1179404 0.3380066 0.3768979 0.8542773
1305031463.159787 -1.6405747 0.1258543 0.0546141 -0.1104498 0.3322955 0.3575100 0.8657755
1305031463.227784 -1.6344283 0.1390296 0.0324516 -0.1109729 0.3256712 0.3473422 0.8723398
1305031463.327739 -1.6245706 0.1566205 0.0006489 -0.1033540 0.3186788 0.3340427 0.8810093
1305031463.427716 -1.6079521 0.1802500 -0.0295398 -0.0910807 0.3040755 0.3225226 0.8917519
1305031463.527670 -1.5782485 0.2029922 -0.0631790 -0.0891084 0.3014156 0.3174912 0.8946550
1305031463.627588 -1.5530847 0.2099854 -0.0968836 -0.0884969 0.2968006 0.3175489 0.8962368
1305031463.727588 -1.5226886 0.2210092 -0.1367190 -0.0772929 0.2929408 0.3080701 0.9018339
1305031463.859910 -1.4775064 0.2080421 -0.1967558 -0.0735354 0.2961478 0.2735867 0.9121619
1305031463.959680 -1.4559751 0.1943461 -0.2381408 -0.0703909 0.2928506 0.2524637 0.9195356
1305031464.095634 -1.4245975 0.1723415 -0.2980644 -0.0649297 0.2836607 0.2193081 0.9312490
1305031464.259644 -1.4173926 0.1479462 -0.3517309 -0.0309487 0.2499068 0.2008295 0.9467081
1305031464.495633 -1.3409024 0.1384569 -0.4409003 -0.0112284 0.1865948 0.1563961 0.9698436
1305031464.659749 -1.2852321 0.0978657 -0.5222266 -0.0020231 0.2034709 0.1053589 0.9733936
1305031464.827759 -1.2756732 0.0841967 -0.5339043 0.0538564 0.2046600 0.0118319 0.9772788
1305031465.027823 -1.1976241 0.0649505 -0.5297000 0.0596209 0.1391913 -0.1006945 0.9833269
1305031465.159842 -1.1407777 0.1176140 -0.4856749 0.0312722 0.0898253 -0.1550206 0.9833220
1305031465.359948 -1.0590775 0.1595256 -0.4305137 -0.0168653 0.0204971 -0.1336035 0.9906793
1305031465.595599 -0.9010428 0.2103109 -0.4311455 -0.0003717 -0.0748291 -0.0623433 0.9952456
1305031465.795937 -0.7845839 0.2818814 -0.4461687 0.0355250 -0.1156593 -0.0096284 0.9926068
1305031465.959710 -0.6818418 0.3540318 -0.4488175 0.0777055 -0.1107546 0.0076212 0.9907761
1305031466.127640 -0.6171596 0.4401050 -0.4611819 0.0854160 -0.1096684 0.0054715 0.9902763
1305031466.259815 -0.5593059 0.4704528 -0.4884167 0.0567581 -0.1395757 -0.0041038 0.9885749
1305031466.395784 -0.5049841 0.4871039 -0.5251414 0.0539641 -0.1147220 -0.0355550 0.9912934
1305031466.527538 -0.4403622 0.5096913 -0.5485519 0.0545112 -0.1289030 -0.0432786 0.9892116
1305031466.659688 -0.3749525 0.5235400 -0.5536199 0.0463423 -0.1229356 -0.0583787 0.9896116
1305031466.795604 -0.3144396 0.5379769 -0.5584247 0.0523276 -0.1289721 -0.0889745 0.9862614
1305031466.927756 -0.2609998 0.5467820 -0.5615456 0.0524415 -0.1671405 -0.0941765 0.9800228
1305031467.059700 -0.1992797 0.5431743 -0.5675848 0.0529373 -0.1928716 -0.1066856 0.9739694
1305031467.195663 -0.1549963 0.5463708 -0.5682104 0.0576902 -0.2047274 -0.1339431 0.9678935
1305031467.359654 -0.0959921 0.5527843 -0.5731973 0.0638952 -0.2355651 -0.1566784 0.9570153
1305031467.459692 -0.0604710 0.5513585 -0.5750698 0.0570928 -0.2559663 -0.1680359 0.9502556
1305031467.559763 -0.0211695 0.5480452 -0.5749829 0.0487813 -0.2689846 -0.1838637 0.9441726
1305031467.695886 0.0184000 0.5323232 -0.5633054 0.0573297 -0.2872050 -0.1778755 0.9394610
1305031467.827800 0.0435248 0.5009077 -0.5337158 0.0736734 -0.3001110 -0.1878142 0.9323258
1305031467.927754 0.0535913 0.4775553 -0.5034804 0.0859758 -0.3212287 -0.1849191 0.9247839
1305031468.059850 0.0626097 0.4374545 -0.4526238 0.0964858 -0.3350222 -0.1932232 0.9171235
1305031468.195985 0.0713596 0.3994183 -0.3990156 0.0993482 -0.3467585 -0.2026888 0.9103878
1305031468.295830 0.0801630 0.3522269 -0.3617656 0.0919809 -0.3468038 -0.2025517 0.9111748
1305031468.428025 0.0856654 0.2871956 -0.3350572 0.0827673 -0.3419637 -0.1983829 0.9147976
1305031468.559739 0.0750308 0.2200704 -0.3216595 0.0805974 -0.3375930 -0.2127389 0.9133878
1305031468.727785 0.0531742 0.1535596 -0.3191625 0.0806140 -0.3534983 -0.2258551 0.9041736
1305031468.895873 0.0333254 0.1003599 -0.3093978 0.0931691 -0.3574989 -0.2416222 0.8972920
1305031469.059832 0.0050277 0.0813700 -0.2969725 0.0394337 -0.3339832 -0.2612113 0.9048032
1305031469.227754 -0.0191959 0.0556636 -0.2595028 -0.0028053 -0.3014181 -0.3046434 0.9035107
1305031469.559645 -0.0583405 0.0833275 -0.1707478 -0.0283967 -0.2481568 -0.3438605 0.9051916
1305031469.727679 -0.0773629 0.1183260 -0.1230200 -0.0627887 -0.2318525 -0.3461781 0.9068973
1305031469.859574 -0.0971340 0.1679181 -0.0979694 -0.0855168 -0.2251293 -0.3362812 0.9104497
1305031470.027694 -0.1311977 0.2339110 -0.0844687 -0.1002355 -0.2313260 -0.3247424 0.9115829
1305031470.159626 -0.1617741 0.2858071 -0.0915294 -0.1092510 -0.2286917 -0.3168892 0.9139724
1305031470.295718 -0.1939941 0.3275183 -0.1070082 -0.1278748 -0.2251394 -0.3074635 0.9156563
1305031470.427641 -0.2291495 0.3705452 -0.1218330 -0.1431013 -0.2245392 -0.2969043 0.9170343
1305031470.527689 -0.2556511 0.3917590 -0.1354845 -0.1428843 -0.2263615 -0.2956840 0.9170145
1305031470.659690 -0.2858561 0.4131044 -0.1480464 -0.1521076 -0.2231894 -0.2845297 0.9198329
1305031470.795615 -0.3162002 0.4294082 -0.1569286 -0.1600682 -0.2122237 -0.2737660 0.9243330
1305031470.927684 -0.3439048 0.4386108 -0.1672161 -0.1475273 -0.2152414 -0.2536119 0.9314439
1305031471.059636 -0.3768520 0.4274661 -0.1834345 -0.1267775 -0.2111599 -0.2416975 0.9385741
1305031471.259722 -0.4067779 0.4303393 -0.2000578 -0.1066228 -0.2017861 -0.2062829 0.9515048
1305031471.595702 -0.4375328 0.4266332 -0.2234338 -0.1015353 -0.1698676 -0.1668412 0.9659190
1305031471.927651 -0.4487527 0.4404391 -0.2423555 -0.1126345 -0.1196057 -0.1170164 0.9794464
1305031472.127594 -0.4679587 0.4572835 -0.2460757 -0.1248235 -0.0803332 -0.0995141 0.9839017
1305031472.427686 -0.4862959 0.4492037 -0.2491487 -0.1137091 -0.0748610 -0.0823707 0.9872594
