1305031453.523684 0.0000000 0.0000000 0.0000000 -0.0000000 -0.0000000 -0.0000000 1.0000000
1305031453.691678 0.0014956 0.0254880 -0.0642605 0.0351105 -0.0066960 0.0101109 0.9993099
1305031453.727652 -0.0036337 0.0333886 -0.0763348 0.0397900 -0.0116838 0.0055622 0.9991243
1305031453.759694 -0.0072665 0.0383143 -0.0888853 0.0438636 -0.0214405 -0.0017081 0.9988060
1305031453.791716 -0.0089596 0.0423296 -0.1005426 0.0468738 -0.0320488 -0.0093124 0.9983432
1305031453.859705 -0.0362266 0.0583353 -0.1211084 0.0524121 -0.0458952 -0.0234720 0.9972942
1305031453.891710 -0.0476981 0.0649897 -0.1309530 0.0516245 -0.0601560 -0.0301925 0.9963958
1305031453.927723 -0.0510010 0.0682735 -0.1384748 0.0479486 -0.0802525 -0.0345034 0.9950226
1305031453.959641 -0.0538513 0.0716724 -0.1437643 0.0448070 -0.0983773 -0.0428197 0.9932173
1305031453.991624 -0.0574092 0.0704588 -0.1490464 0.0415893 -0.1122772 -0.0541111 0.9913305
1305031454.027662 -0.0665641 0.0741174 -0.1524530 0.0440212 -0.1242909 -0.0643638 0.9891770
1305031454.091651 -0.0856601 0.0803999 -0.1600166 0.0450973 -0.1465599 -0.0893018 0.9841299
1305031454.127701 -0.0974762 0.0818061 -0.1623096 0.0480075 -0.1598807 -0.1038206 0.9804870
1305031454.227671 -0.1323029 0.0857395 -0.1768624 0.0454521 -0.2036823 -0.1490498 0.9665567
1305031454.291639 -0.1369747 0.0972292 -0.1769703 0.0519472 -0.2270916 -0.1746861 0.9566691
1305031454.359636 -0.1542139 0.0989124 -0.1811085 0.0586191 -0.2476880 -0.2043198 0.9452343
1305031454.459913 -0.1675584 0.1103791 -0.1866749 0.0652719 -0.2779747 -0.2456048 0.9263628
1305031454.527700 -0.1747293 0.1235853 -0.1919929 0.0692425 -0.2879828 -0.2760668 0.9143624
1305031454.591635 -0.1833337 0.1361102 -0.1983375 0.0653282 -0.3020369 -0.3065070 0.9003108
1305031454.659528 -0.1817238 0.1513001 -0.1980796 0.0602079 -0.3276888 -0.3254277 0.8849248
1305031454.727659 -0.1752330 0.1581486 -0.2012833 0.0485664 -0.3543667 -0.3356810 0.8714264
1305031455.059636 -0.1514160 0.2248669 -0.2099351 0.0128970 -0.3371580 -0.2796131 0.8988742
1305031455.227581 -0.1794530 0.2671136 -0.2347001 0.0131883 -0.3130653 -0.2626565 0.9125940
1305031455.291831 -0.1936312 0.2840706 -0.2450946 0.0034196 -0.3003209 -0.2481577 0.9209850
1305031455.427642 -0.2279363 0.3101891 -0.2658523 -0.0276096 -0.2761283 -0.2152874 0.9362918
1305031455.491637 -0.2493119 0.3169157 -0.2803041 -0.0375056 -0.2657832 -0.1974664 0.9428465
1305031455.791666 -0.3675618 0.3152051 -0.3710055 -0.0455091 -0.2296029 -0.1507746 0.9604574
1305031456.027770 -0.4324409 0.3130079 -0.4402504 -0.0432192 -0.1977703 -0.1623209 0.9657490
1305031456.091707 -0.4585847 0.2991903 -0.4502491 -0.0602044 -0.1839570 -0.1777502 0.9648524
1305031456.259614 -0.5055317 0.2786575 -0.4648535 -0.0563112 -0.1414383 -0.1732679 0.9730378
1305031456.391619 -0.5465100 0.2691769 -0.4574684 -0.0436126 -0.0939245 -0.1539692 0.9826340
1305031456.459610 -0.5753609 0.2883647 -0.4547473 -0.0300896 -0.0731219 -0.1400398 0.9869836
1305031456.591651 -0.6163666 0.2981952 -0.4300924 -0.0442403 -0.0664110 -0.1172969 0.9898858
1305031456.859634 -0.7066256 0.3210976 -0.3699330 -0.0832339 -0.0518264 -0.0575049 0.9935187
1305031457.191735 -0.8064558 0.3441674 -0.3483661 -0.1011119 0.0124327 -0.0106502 0.9947404
1305031457.259691 -0.8278193 0.3305042 -0.3524342 -0.1078571 0.0272658 0.0005418 0.9937923
1305031457.459614 -0.9058600 0.3274445 -0.3966031 -0.0835285 0.0859131 0.0366858 0.9921170
1305031457.659632 -0.9799890 0.3055435 -0.4398417 -0.0688751 0.1086294 0.0575030 0.9900249
1305031457.727669 -1.0018243 0.2878782 -0.4458995 -0.0781907 0.1112072 0.0591738 0.9889477
1305031457.791567 -1.0194691 0.2640264 -0.4537664 -0.0718648 0.1168438 0.0567683 0.9889188
1305031457.859623 -1.0430201 0.2616512 -0.4649299 -0.0567041 0.1334402 0.0574220 0.9877657
1305031457.959632 -1.0918232 0.2433201 -0.4661692 -0.0307091 0.1522229 0.0641967 0.9857809
1305031458.059689 -1.1222937 0.2322860 -0.4611020 -0.0073946 0.1614838 0.0684265 0.9844725
1305031458.159638 -1.1639915 0.2202565 -0.4360529 -0.0077308 0.1768188 0.0719389 0.9815804
1305031458.259934 -1.2104040 0.1971045 -0.3970129 -0.0216389 0.1797538 0.0740410 0.9806826
1305031458.359590 -1.2468543 0.1750387 -0.3600209 -0.0083330 0.1693331 0.0776364 0.9824609
1305031458.427598 -1.2597451 0.1835253 -0.3383157 0.0158501 0.1659861 0.0895375 0.9819269
1305031458.491696 -1.2573754 0.1618433 -0.3168247 0.0421414 0.1767000 0.0960375 0.9786614
1305031458.591641 -1.2855515 0.2020748 -0.2592330 0.0903648 0.2074621 0.0823031 0.9705771
1305031458.891665 -1.2881035 0.2391488 -0.1410771 0.0885947 0.1296286 0.0299081 0.9871438
1305031458.959617 -1.2998997 0.2396042 -0.1265963 0.0812977 0.1443446 0.0488811 0.9849700
1305031459.027665 -1.3325977 0.2148071 -0.1041794 0.0887212 0.1537329 0.0514792 0.9827740
1305031459.091650 -1.3772355 0.1908993 -0.0914640 0.1032481 0.1381462 0.0737519 0.9822506
1305031459.159639 -1.4190887 0.1830220 -0.0796794 0.1204087 0.0968351 0.0771762 0.9849713
1305031459.227607 -1.4227116 0.1917136 -0.0575572 0.1314627 0.0621894 0.0924141 0.9850430
1305031459.291690 -1.4200817 0.2050899 -0.0374232 0.1326697 0.0662398 0.1136767 0.9823893
1305031459.359651 -1.4224697 0.2049159 -0.0349121 0.1339062 0.1024646 0.1562955 0.9732121
1305031459.559647 -1.4954170 0.2477822 0.0192086 0.1179239 0.2666060 0.3421806 0.8932680
1305031459.627608 -1.5239913 0.2452804 0.0324391 0.1149923 0.2796342 0.3678350 0.8793628
1305031459.691604 -1.5468323 0.2445523 0.0439733 0.1114007 0.2988808 0.3727107 0.8714051
1305031459.791650 -1.5866952 0.2061715 0.0566507 0.1014804 0.3218144 0.3706838 0.8652923
1305031459.859660 -1.6128758 0.1864261 0.0719839 0.0959976 0.3243906 0.3674695 0.8663263
1305031459.991725 -1.6425171 0.1422300 0.0957432 0.0845164 0.3165057 0.3819609 0.8641685
1305031460.127690 -1.6673051 0.0842736 0.1145399 0.0872971 0.3064097 0.4052667 0.8568846
1305031460.191559 -1.6700648 0.0712085 0.1287323 0.0952879 0.2912066 0.4192350 0.8546116
1305031460.259667 -1.6608715 0.0563343 0.1355237 0.0964636 0.2946745 0.4242160 0.8508246
1305031460.327512 -1.6620238 0.0382727 0.1454592 0.0968913 0.3127021 0.4251753 0.8438338
1305031460.391611 -1.6607137 0.0226204 0.1557806 0.0914820 0.3315218 0.4312845 0.8340972
1305031460.459620 -1.6591840 0.0069317 0.1632543 0.0879077 0.3532737 0.4406373 0.8205539
1305031460.527570 -1.6627381 -0.0092337 0.1779275 0.0754996 0.3807417 0.4553332 0.8012536
1305031460.591855 -1.6607320 -0.0281374 0.1879187 0.0640100 0.3993051 0.4603685 0.7902651
1305031460.659764 -1.6619161 -0.0470366 0.1996702 0.0581754 0.4167760 0.4620015 0.7806843
1305031460.727675 -1.6648421 -0.0638815 0.2152218 0.0497168 0.4254829 0.4631901 0.7758527
1305031460.791660 -1.6647720 -0.0839435 0.2307514 0.0419010 0.4366004 0.4609600 0.7714534
1305031461.127586 -1.6240797 -0.1691316 0.2947088 0.0079574 0.4547554 0.4588782 0.7632595
1305031461.259642 -1.6059226 -0.1931943 0.3171352 0.0101273 0.4609825 0.4460785 0.7670766
1305031461.359709 -1.5972142 -0.1914087 0.3310884 0.0097283 0.4676652 0.4307381 0.7717898
1305031461.427624 -1.5800207 -0.2015585 0.3375708 -0.0013367 0.4671651 0.4320095 0.7714420
1305031461.491677 -1.5660223 -0.2070020 0.3395170 -0.0102574 0.4657769 0.4360911 0.7699164
1305031461.627541 -1.5564744 -0.1944479 0.3266611 -0.0079542 0.4784317 0.4254098 0.7681578
1305031461.691563 -1.5546579 -0.1845875 0.3232687 -0.0095523 0.4847179 0.4295180 0.7618868
1305031461.759684 -1.5503893 -0.1715700 0.3128194 -0.0100392 0.4842864 0.4382301 0.7571791
1305031461.927758 -1.5589272 -0.1148502 0.2924221 -0.0116709 0.4887758 0.4719159 0.7336603
1305031462.259765 -1.6007367 -0.0337440 0.2876539 -0.0414028 0.4783758 0.5277793 0.7006364
1305031462.359732 -1.6188135 -0.0172675 0.2931827 -0.0632522 0.4728366 0.5159127 0.7115186
1305031462.427635 -1.6314248 -0.0065168 0.3002941 -0.0813049 0.4631010 0.5102909 0.7200904
1305031462.492008 -1.6452808 0.0057232 0.2997756 -0.0982819 0.4446741 0.5047415 0.7333769
1305031462.559862 -1.6581078 0.0168394 0.2972978 -0.1072932 0.4279954 0.4958564 0.7479536
1305031462.692548 -1.6829104 0.0313424 0.2803456 -0.1169817 0.4157915 0.4601366 0.7756978
1305031462.791943 -1.7021608 0.0512086 0.2564594 -0.1195033 0.3933329 0.4330475 0.8021708
1305031462.859782 -1.7125263 0.0744606 0.2343579 -0.1198157 0.3788301 0.4218874 0.8149498
1305031462.927607 -1.7174240 0.0933817 0.2102593 -0.1177889 0.3743302 0.4163727 0.8201442
1305031462.995550 -1.7199814 0.1051272 0.1895671 -0.1125309 0.3683763 0.4098329 0.8268450
1305031463.127550 -1.7233491 0.1327382 0.1392555 -0.0983482 0.3505806 0.3758144 0.8521646
1305031463.195657 -1.7263222 0.1499302 0.1124198 -0.0925372 0.3448831 0.3579971 0.8627460
1305031463.260034 -1.7177132 0.1609819 0.0912957 -0.0882379 0.3413819 0.3495590 0.8680328
1305031463.359750 -1.7061661 0.1777587 0.0610922 -0.0812220 0.3309146 0.3390256 0.8769038
1305031463.459756 -1.6861074 0.2062076 0.0249310 -0.0737140 0.3158660 0.3291729 0.8868146
1305031463.559751 -1.6634475 0.2259741 -0.0070147 -0.0702127 0.3212907 0.3254402 0.8865277
1305031463.659766 -1.6314548 0.2334523 -0.0483048 -0.0647146 0.3122946 0.3231002 0.8910053
1305031463.759674 -1.5967740 0.2377315 -0.0947686 -0.0598809 0.3078218 0.3118574 0.8968863
1305031463.895648 -1.5648876 0.2306674 -0.1558463 -0.0543268 0.3154344 0.2708743 0.9078419
1305031464.027703 -1.5342093 0.2147358 -0.2173513 -0.0491766 0.3019846 0.2450288 0.9199717
1305031464.195585 -1.5075002 0.1715207 -0.2839946 -0.0361580 0.2892423 0.2160815 0.9318478
1305031464.359684 -1.4793612 0.1693745 -0.3431153 -0.0064412 0.2221692 0.1942941 0.9554314
1305031464.595698 -1.4002827 0.1466448 -0.4480259 -0.0014105 0.2013658 0.1337960 0.9703342
1305031464.759740 -1.3843874 0.1264492 -0.5016797 0.0519971 0.2438519 0.0500093 0.9671255
1305031464.927799 -1.3368005 0.1083318 -0.5111423 0.0623805 0.1748486 -0.0401977 0.9817947
1305031465.127664 -1.2536860 0.1498839 -0.4612398 0.0582253 0.1278069 -0.1493082 0.9787657
1305031465.295623 -1.1772299 0.1777239 -0.4199841 0.0028749 0.0734687 -0.1565722 0.9849260
1305031465.460125 -1.0790468 0.2138264 -0.4007544 0.0016723 -0.0066455 -0.0929274 0.9956493
1305031465.727682 -0.9060030 0.2888192 -0.4217097 0.0334454 -0.0836632 -0.0245220 0.9956307
1305031465.927495 -0.7763607 0.3779161 -0.4251686 0.0783841 -0.0979814 0.0073345 0.9920695
1305031466.095840 -0.7049508 0.4679643 -0.4426340 0.1020893 -0.0840971 0.0070834 0.9911888
1305031466.227951 -0.6532428 0.5184700 -0.4666113 0.0742395 -0.1145392 0.0041905 0.9906320
1305031466.359829 -0.5871724 0.5408685 -0.5069176 0.0688201 -0.0988208 -0.0297231 0.9922776
1305031466.527538 -0.5148325 0.5602795 -0.5400694 0.0669639 -0.1080319 -0.0433085 0.9909437
1305031466.659688 -0.4458280 0.5736611 -0.5485283 0.0574363 -0.1024520 -0.0572081 0.9914292
1305031466.795604 -0.3837311 0.5892065 -0.5572575 0.0627019 -0.1080382 -0.0882444 0.9882354
1305031466.927756 -0.3297448 0.5980869 -0.5651803 0.0624250 -0.1453569 -0.0946804 0.9828582
1305031467.059700 -0.2668455 0.5959416 -0.5727184 0.0630745 -0.1710886 -0.1070550 0.9773892
1305031467.195663 -0.2206085 0.5980948 -0.5744653 0.0667163 -0.1832482 -0.1347730 0.9714964
1305031467.328008 -0.1715744 0.6006786 -0.5801247 0.0743081 -0.2078563 -0.1565240 0.9626912
1305031467.459692 -0.1235446 0.6046336 -0.5862594 0.0655833 -0.2341742 -0.1693603 0.9550803
1305031467.627532 -0.0632996 0.5922825 -0.5846411 0.0560066 -0.2539217 -0.1829681 0.9481086
1305031467.759907 -0.0254572 0.5690319 -0.5657648 0.0743350 -0.2714432 -0.1864439 0.9412925
1305031467.895947 -0.0064411 0.5392436 -0.5301955 0.0927637 -0.2914364 -0.1850172 0.9339316
1305031468.028107 0.0110870 0.5010129 -0.4771911 0.1019211 -0.3117719 -0.1936616 0.9246111
1305031468.195985 0.0233183 0.4444846 -0.4118092 0.1074113 -0.3264954 -0.2061542 0.9161681
1305031468.327847 0.0364317 0.3678370 -0.3658665 0.0967248 -0.3258616 -0.2049500 0.9178530
1305031468.495809 0.0451766 0.2959617 -0.3377607 0.0852741 -0.3219184 -0.2007518 0.9213011
1305031468.659579 0.0174809 0.2130511 -0.3363828 0.0805531 -0.3207534 -0.2257650 0.9163289
1305031468.795796 -0.0040808 0.1547180 -0.3312538 0.0891704 -0.3397785 -0.2346414 0.9063899
1305031468.928141 -0.0164867 0.1220879 -0.3223492 0.0941769 -0.3315724 -0.2430331 0.9067113
1305031469.095723 -0.0390074 0.1084374 -0.3006950 0.0363640 -0.3140011 -0.2753981 0.9078749
1305031469.327618 -0.0751220 0.0850206 -0.2431656 -0.0105827 -0.2705323 -0.3152853 0.9095579
1305031469.495744 -0.0989506 0.0974943 -0.1980859 -0.0146847 -0.2245866 -0.3436262 0.9117380
1305031469.659590 -0.1108606 0.1279021 -0.1456752 -0.0488487 -0.2201273 -0.3463704 0.9105961
1305031469.795621 -0.1257699 0.1722286 -0.1126002 -0.0682414 -0.2033560 -0.3384762 0.9162005
1305031469.927854 -0.1494985 0.2258186 -0.0894381 -0.0875830 -0.2053510 -0.3269894 0.9182799
1305031470.095944 -0.1881040 0.2915032 -0.0845454 -0.0969169 -0.2086064 -0.3199194 0.9190985
1305031470.227618 -0.2232253 0.3407643 -0.0947999 -0.1102958 -0.2058119 -0.3096150 0.9217455
1305031470.327644 -0.2499847 0.3738737 -0.1043143 -0.1277639 -0.2008310 -0.3021161 0.9230760
1305031470.459721 -0.2871608 0.4151172 -0.1188500 -0.1360337 -0.2026621 -0.2943892 0.9239902
1305031470.559677 -0.3132925 0.4341688 -0.1301655 -0.1385356 -0.2035894 -0.2930753 0.9238323
1305031470.659690 -0.3372606 0.4503221 -0.1383256 -0.1457602 -0.2009853 -0.2822768 0.9266492
1305031470.795615 -0.3682422 0.4676947 -0.1461287 -0.1531127 -0.1905886 -0.2701938 0.9312507
1305031470.895722 -0.3926603 0.4737743 -0.1538070 -0.1455991 -0.1890410 -0.2556048 0.9368728
1305031471.795801 -0.5050479 0.4683635 -0.2254411 -0.0894716 -0.1173336 -0.1358793 0.9796757
1305031471.927651 -0.5090669 0.4798526 -0.2284647 -0.1026142 -0.0986287 -0.1131555 0.9833303
1305031472.059668 -0.5228992 0.4872593 -0.2290616 -0.1136902 -0.0688712 -0.1040524 0.9856492
1305031472.295671 -0.5445557 0.4899246 -0.2311292 -0.1106182 -0.0502028 -0.0831818 0.9891027
1305031472.395599 -0.5486864 0.4925514 -0.2332427 -0.1027991 -0.0499811 -0.0785128 0.9903383
1305031472.527625 -0.5485138 0.4800000 -0.2334520 -0.1037733 -0.0516836 -0.0789069 0.9901180
1305031472.827627 -0.5418772 0.4567189 -0.2281754 -0.0879165 -0.0569954 -0.0723910 0.9918578
1305031473.127744 -0.5412605 0.4513416 -0.2212455 -0.0876635 -0.0605366 -0.0694185 0.9918829
