1305031453.523684 0.0000000 0.0000000 0.0000000 -0.0000000 -0.0000000 -0.0000000 1.0000000
1305031453.691678 0.0024323 0.0314130 -0.0688722 0.0367818 -0.0068311 0.0110988 0.9992383
1305031453.727652 -0.0035678 0.0395904 -0.0814511 0.0413341 -0.0116451 0.0066924 0.9990551
1305031453.791716 -0.0149729 0.0526286 -0.1060149 0.0497350 -0.0297764 -0.0083910 0.9982833
1305031453.859705 -0.0358788 0.0697751 -0.1295522 0.0550205 -0.0470767 -0.0223870 0.9971235
1305031453.891710 -0.0407761 0.0740487 -0.1413405 0.0529552 -0.0640062 -0.0288004 0.9961272
1305031453.927723 -0.0480528 0.0787381 -0.1471691 0.0499578 -0.0825472 -0.0330701 0.9947847
1305031453.991624 -0.0609638 0.0838095 -0.1564014 0.0445591 -0.1129482 -0.0519245 0.9912422
1305031454.027662 -0.0683021 0.0878784 -0.1590975 0.0472176 -0.1262044 -0.0623058 0.9889191
1305031454.059654 -0.0776193 0.0914919 -0.1676992 0.0475955 -0.1370733 -0.0739067 0.9866527
1305031454.091651 -0.0896675 0.0912801 -0.1700527 0.0470781 -0.1482981 -0.0877497 0.9839163
1305031454.127701 -0.1031807 0.0944651 -0.1722682 0.0504923 -0.1610047 -0.1017994 0.9803902
1305031454.191658 -0.1281681 0.1044191 -0.1847328 0.0489558 -0.1890719 -0.1278616 0.9723716
1305031454.227671 -0.1355907 0.0962685 -0.1848421 0.0477564 -0.2073716 -0.1460485 0.9661192
1305031454.327699 -0.1549178 0.1043294 -0.1893663 0.0534029 -0.2390434 -0.1875328 0.9512297
1305031454.391677 -0.1645668 0.1165255 -0.1933184 0.0633536 -0.2586872 -0.2127164 0.9401165
1305031454.459913 -0.1740580 0.1228490 -0.1965265 0.0678813 -0.2812057 -0.2423718 0.9260515
1305031454.527700 -0.1817926 0.1371493 -0.2006694 0.0720462 -0.2917081 -0.2734616 0.9137475
1305031454.591635 -0.1909841 0.1521500 -0.2079250 0.0692505 -0.3055515 -0.3042999 0.8995801
1305031454.659528 -0.1883945 0.1666573 -0.2108874 0.0629343 -0.3305882 -0.3228505 0.8846006
1305031454.727659 -0.1824597 0.1763268 -0.2119715 0.0523758 -0.3573289 -0.3331686 0.8709601
1305031454.927567 -0.1509823 0.2122224 -0.2058909 0.0225117 -0.3561807 -0.2935037 0.8868394
1305031455.191655 -0.1797730 0.2867408 -0.2442981 0.0172611 -0.3200720 -0.2663980 0.9090040
1305031455.327766 -0.2134548 0.3209930 -0.2692622 0.0002030 -0.2988014 -0.2356440 0.9247646
1305031455.391665 -0.2274849 0.3332512 -0.2739372 -0.0180799 -0.2894466 -0.2229925 0.9306816
1305031455.527610 -0.2791624 0.3473011 -0.3104312 -0.0409504 -0.2629946 -0.1842236 0.9461600
1305031455.591645 -0.3068157 0.3585333 -0.3323631 -0.0452753 -0.2606876 -0.1572100 0.9514606
1305031455.727628 -0.3636052 0.3510692 -0.3756095 -0.0457404 -0.2465848 -0.1465819 0.9568791
1305031455.859526 -0.4154782 0.3430471 -0.4254327 -0.0389263 -0.2263008 -0.1504954 0.9615736
1305031456.027770 -0.4607912 0.3402061 -0.4760278 -0.0417795 -0.2019451 -0.1608325 0.9651971
1305031456.127645 -0.5017126 0.3210225 -0.4932986 -0.0600391 -0.1819055 -0.1778059 0.9652413
1305031456.259614 -0.5363346 0.3034609 -0.5026162 -0.0543046 -0.1473397 -0.1713465 0.9726163
1305031456.359846 -0.5661089 0.2987395 -0.5025102 -0.0418886 -0.1134562 -0.1548810 0.9805024
1305031456.459610 -0.6133481 0.3099990 -0.4937077 -0.0300339 -0.0785086 -0.1377226 0.9868976
1305031456.859634 -0.7610027 0.3480196 -0.4034900 -0.0820750 -0.0555536 -0.0564362 0.9934750
1305031457.227543 -0.8814876 0.3700900 -0.3829520 -0.1048948 0.0157867 -0.0038514 0.9943506
1305031457.427641 -0.9647748 0.3569567 -0.4268229 -0.0836980 0.0782063 0.0329208 0.9928719
1305031457.627526 -1.0446297 0.3252444 -0.4717423 -0.0746531 0.1020930 0.0544725 0.9904730
1305031457.727669 -1.0846546 0.3105302 -0.4880592 -0.0780448 0.1081875 0.0598224 0.9892551
1305031457.827699 -1.1168209 0.2887017 -0.5067167 -0.0587173 0.1217644 0.0584130 0.9890974
1305031457.927633 -1.1656803 0.2633060 -0.5094104 -0.0373110 0.1462408 0.0612112 0.9866482
1305031458.027845 -1.2013525 0.2420492 -0.5037361 -0.0188716 0.1532310 0.0662911 0.9857838
1305031458.127605 -1.2453467 0.2450592 -0.4883400 -0.0078060 0.1698116 0.0709735 0.9828865
1305031458.259934 -1.3112880 0.2111980 -0.4352052 -0.0213653 0.1765272 0.0755058 0.9811629
1305031458.391626 -1.3605103 0.1958153 -0.3856631 0.0073447 0.1628996 0.0823889 0.9831693
1305031458.527737 -1.3788737 0.2053155 -0.3296532 0.0709860 0.1871990 0.0934206 0.9752898
1305031458.627659 -1.3992684 0.2440623 -0.2677642 0.0997137 0.2044555 0.0789790 0.9705759
1305031458.727650 -1.4197468 0.2386593 -0.2156471 0.0814055 0.1771754 0.0644145 0.9786893
1305031458.827564 -1.4039481 0.2614389 -0.1742149 0.0831696 0.1320484 0.0410846 0.9868932
1305031458.991647 -1.4229847 0.2314419 -0.1308360 0.0775478 0.1481181 0.0544752 0.9844185
1305031459.091650 -1.5009279 0.2069302 -0.1047527 0.1042486 0.1372149 0.0718153 0.9824189
1305031459.159639 -1.5325792 0.2005699 -0.0927144 0.1225382 0.0901893 0.0774670 0.9853168
1305031459.227607 -1.5462979 0.2012576 -0.0731514 0.1305723 0.0592127 0.0957726 0.9850240
1305031459.359651 -1.5507220 0.2227174 -0.0375730 0.1362542 0.1029586 0.1562206 0.9728461
1305031459.427646 -1.5622389 0.2487700 -0.0096501 0.1296075 0.1651667 0.2186538 0.9529493
1305031459.491555 -1.5825093 0.2674398 0.0002330 0.1319139 0.2175740 0.2899543 0.9225979
1305031459.559647 -1.6175039 0.2625516 0.0097825 0.1147216 0.2592781 0.3469296 0.8940099
1305031459.727551 -1.6887448 0.2449837 0.0414949 0.1008201 0.3024119 0.3811465 0.8678189
1305031459.959650 -1.7737058 0.1602514 0.0855343 0.0854878 0.3110524 0.3812100 0.8663817
1305031460.059659 -1.7926226 0.1180149 0.1033133 0.0789070 0.3116983 0.3921885 0.8618619
1305031460.127690 -1.8061991 0.0817775 0.1104591 0.0830110 0.2996321 0.4103943 0.8572668
1305031460.191559 -1.8109610 0.0687976 0.1282604 0.0919636 0.2855781 0.4234490 0.8547975
1305031460.259667 -1.8011444 0.0519303 0.1346240 0.0930534 0.2888224 0.4288186 0.8509038
1305031460.359630 -1.8045014 0.0240448 0.1519139 0.0917771 0.3165163 0.4314959 0.8397653
1305031460.427477 -1.8018709 0.0035949 0.1621368 0.0856995 0.3368888 0.4400012 0.8279858
1305031460.627625 -1.8000622 -0.0523645 0.1973825 0.0556186 0.4027208 0.4669438 0.7852936
1305031460.727675 -1.8060617 -0.0804467 0.2236892 0.0450590 0.4211524 0.4667284 0.7763794
1305031460.959649 -1.7899356 -0.1484928 0.2796991 0.0060655 0.4453700 0.4613681 0.7672994
1305031461.059662 -1.7763082 -0.1778818 0.3002378 0.0092023 0.4530498 0.4616005 0.7626180
1305031461.159720 -1.7543726 -0.2049396 0.3174427 0.0030968 0.4522037 0.4595480 0.7644069
1305031461.259642 -1.7424011 -0.2202485 0.3350769 0.0057768 0.4562277 0.4488347 0.7683556
1305031461.327751 -1.7320287 -0.2213116 0.3423071 0.0082549 0.4583085 0.4381650 0.7732378
1305031461.459781 -1.7127337 -0.2250371 0.3609697 -0.0074556 0.4623535 0.4360331 0.7720420
1305031461.559677 -1.6922016 -0.2279824 0.3520217 -0.0096612 0.4618271 0.4328082 0.7741444
1305031461.627541 -1.6878264 -0.2204360 0.3469579 -0.0123006 0.4737380 0.4278966 0.7696269
1305031461.759684 -1.6815181 -0.1960137 0.3316766 -0.0148046 0.4794625 0.4404417 0.7588859
1305031461.859767 -1.6890495 -0.1537353 0.3142933 -0.0085979 0.4862801 0.4535587 0.7468215
1305031461.959703 -1.6926947 -0.1148248 0.2933819 -0.0155636 0.4818758 0.4778798 0.7342917
1305031462.159646 -1.7187816 -0.0650018 0.2977621 -0.0306106 0.4733024 0.5326135 0.7009783
1305031462.259765 -1.7369295 -0.0463582 0.3029089 -0.0460669 0.4735844 0.5308946 0.7012464
1305031462.359732 -1.7579402 -0.0262966 0.3089953 -0.0667818 0.4680690 0.5178403 0.7129467
1305031462.459897 -1.7784976 -0.0037159 0.3143298 -0.0889010 0.4470403 0.5103539 0.7292397
1305031462.559862 -1.8002372 0.0089006 0.3123965 -0.1119564 0.4220834 0.4980746 0.7491549
1305031462.659660 -1.8169463 0.0197787 0.2956828 -0.1224740 0.4097081 0.4738195 0.7698275
1305031462.759782 -1.8420072 0.0378646 0.2763357 -0.1221412 0.3935750 0.4435985 0.7958647
1305031462.859782 -1.8598124 0.0701364 0.2422797 -0.1230957 0.3726591 0.4258200 0.8152607
1305031462.927607 -1.8643912 0.0913276 0.2150639 -0.1215007 0.3673113 0.4198306 0.8210130
1305031463.027667 -1.8689345 0.1123058 0.1785555 -0.1099078 0.3578673 0.4051598 0.8340844
1305031463.127550 -1.8695589 0.1350316 0.1372728 -0.1018580 0.3432739 0.3792312 0.8532125
1305031463.227784 -1.8657467 0.1602352 0.0976991 -0.0967442 0.3342496 0.3581355 0.8664045
1305031463.327739 -1.8565497 0.1825272 0.0631046 -0.0880138 0.3280981 0.3446535 0.8751110
1305031463.427716 -1.8382503 0.2095116 0.0290167 -0.0760630 0.3133869 0.3334414 0.8859006
1305031463.559751 -1.8025529 0.2413755 -0.0193091 -0.0712135 0.3143621 0.3283030 0.8878751
1305031463.695640 -1.7649597 0.2604145 -0.0760652 -0.0583683 0.3069469 0.3210787 0.8940275
1305031463.859910 -1.6996167 0.2433544 -0.1663197 -0.0610936 0.3063445 0.2832208 0.9067561
1305031464.159817 -1.6374922 0.1922922 -0.3040533 -0.0453489 0.2920333 0.2224244 0.9290789
1305031464.427634 -1.5762186 0.1858069 -0.4118758 0.0008181 0.2072179 0.1782000 0.9619277
1305031464.659749 -1.4961163 0.1381191 -0.5395858 0.0117249 0.2181824 0.1124034 0.9693423
1305031464.895817 -1.4614854 0.1205266 -0.5634810 0.0659907 0.1842992 -0.0183294 0.9804811
1305031465.095700 -1.3686565 0.1507583 -0.5222276 0.0775204 0.1363953 -0.1293427 0.9791105
1305031465.259807 -1.2812080 0.1793609 -0.4717061 0.0070050 0.0766436 -0.1620844 0.9837710
1305031465.495703 -1.1407684 0.2447260 -0.4391108 0.0025945 -0.0237613 -0.0806939 0.9964523
1305031465.795937 -0.9344366 0.3442739 -0.4670050 0.0483270 -0.0976457 -0.0076472 0.9940178
1305031466.027644 -0.7846915 0.4673297 -0.4749094 0.1058640 -0.0877504 0.0067367 0.9904783
1305031466.227951 -0.7031685 0.5640560 -0.5084924 0.0755815 -0.1178818 0.0055571 0.9901316
1305031466.395784 -0.6223603 0.5812910 -0.5590369 0.0663390 -0.0977468 -0.0332021 0.9924426
1305031466.527538 -0.5501645 0.6084458 -0.5864487 0.0674122 -0.1120094 -0.0418938 0.9905324
1305031466.695822 -0.4621921 0.6378120 -0.6012309 0.0615415 -0.1057718 -0.0625127 0.9905136
1305031466.859665 -0.3780399 0.6442688 -0.6060725 0.0586784 -0.1227990 -0.0897125 0.9866251
1305031467.027843 -0.2975301 0.6504266 -0.6163940 0.0648697 -0.1713271 -0.1022043 0.9777491
1305031467.227704 -0.2172447 0.6535565 -0.6201142 0.0699768 -0.1942236 -0.1389558 0.9685411
1305031467.395756 -0.1486531 0.6612908 -0.6286198 0.0694628 -0.2255560 -0.1621986 0.9581185
1305031467.527663 -0.0911235 0.6606069 -0.6346229 0.0594953 -0.2495570 -0.1812511 0.9493838
1305031467.659626 -0.0476171 0.6430392 -0.6251626 0.0647196 -0.2642201 -0.1768782 0.9458928
1305031467.827800 -0.0042454 0.6022975 -0.5924749 0.0836766 -0.2817261 -0.1890075 0.9369658
1305031467.995754 0.0189606 0.5645512 -0.5263124 0.1079885 -0.3135294 -0.1885257 0.9243894
1305031468.159864 0.0285210 0.4984067 -0.4555809 0.1098740 -0.3274464 -0.2009342 0.9166963
1305031468.327847 0.0466332 0.4050999 -0.3911422 0.0997611 -0.3282305 -0.2035777 0.9169889
1305031468.495809 0.0557783 0.3255363 -0.3577712 0.0878196 -0.3251098 -0.1985789 0.9204117
1305031468.659579 0.0274205 0.2353853 -0.3585036 0.0830735 -0.3236237 -0.2233535 0.9156854
1305031468.895873 -0.0041354 0.1476594 -0.3447492 0.1025162 -0.3402273 -0.2430779 0.9025791
1305031469.095723 -0.0332748 0.1244080 -0.3197543 0.0402338 -0.3169251 -0.2727630 0.9074911
1305031469.327618 -0.0728844 0.0938702 -0.2574636 -0.0082994 -0.2741154 -0.3137794 0.9090294
1305031469.527622 -0.1008373 0.1186980 -0.1979765 -0.0136858 -0.2288390 -0.3415977 0.9114584
1305031469.727679 -0.1218938 0.1673300 -0.1314850 -0.0525149 -0.2130332 -0.3423843 0.9135820
1305031469.895755 -0.1497984 0.2306449 -0.0971656 -0.0821594 -0.2075409 -0.3306312 0.9169840
1305031470.095944 -0.1997484 0.3194525 -0.0860856 -0.0937379 -0.2110550 -0.3189423 0.9192088
1305031470.259965 -0.2457532 0.3854459 -0.1012930 -0.1114135 -0.2079766 -0.3059454 0.9223504
1305031470.395823 -0.2844253 0.4313564 -0.1150210 -0.1340854 -0.2060222 -0.2926903 0.9240716
1305031470.527689 -0.3247873 0.4665012 -0.1326879 -0.1339112 -0.2089872 -0.2925490 0.9234756
1305031470.659690 -0.3586782 0.4897743 -0.1453945 -0.1434405 -0.2064894 -0.2813589 0.9260800
1305031470.795615 -0.3933197 0.5085531 -0.1539665 -0.1509702 -0.1956386 -0.2699743 0.9306167
1305031471.195703 -0.4845116 0.5076084 -0.1969889 -0.0970838 -0.1911779 -0.2107356 0.9537381
1305031471.327642 -0.5040809 0.5069534 -0.2035682 -0.0932811 -0.1800566 -0.1950524 0.9596004
1305031471.795801 -0.5398709 0.5093741 -0.2423194 -0.0875794 -0.1235156 -0.1347968 0.9792362
1305031471.995573 -0.5507833 0.5290344 -0.2476827 -0.0995585 -0.0877469 -0.1072733 0.9853330
1305031472.159645 -0.5749177 0.5351008 -0.2472307 -0.1215170 -0.0607627 -0.0935999 0.9862964
1305031472.295671 -0.5839416 0.5312113 -0.2496779 -0.1104869 -0.0556949 -0.0823599 0.9888921
1305031472.463603 -0.5872549 0.5286175 -0.2528335 -0.1009361 -0.0612653 -0.0777855 0.9899535
1305031472.827627 -0.5802554 0.4973852 -0.2462643 -0.0858693 -0.0629745 -0.0709608 0.9917789
1305031473.196069 -0.5802271 0.4897108 -0.2387262 -0.0842186 -0.0675426 -0.0684115 0.9917989
