1305031452.791720 0.0000000 0.0000000 0.0000000 -0.0000000 -0.0000000 -0.0000000 1.0000000
1305031452.891726 0.0222194 0.0007732 -0.0129912 -0.0016511 0.0172110 0.0430927 0.9989215
1305031452.923715 0.0238855 0.0022967 -0.0140919 -0.0052019 0.0210804 0.0482906 0.9985973
1305031452.991647 0.0210714 -0.0010852 -0.0129314 -0.0063125 0.0331514 0.0461815 0.9983629
1305031453.059754 0.0336822 -0.0109331 -0.0293753 -0.0112466 0.0546603 0.0450727 0.9974238
1305031453.159673 0.0425620 -0.0205259 -0.0519609 -0.0171576 0.0919088 0.0432813 0.9946784
1305031453.259670 0.0475307 -0.0326195 -0.0792689 -0.0259613 0.1265808 0.0415220 0.9907469
1305031453.391690 0.0409818 -0.0435761 -0.1197054 -0.0280454 0.1697388 0.0709921 0.9825286
1305031453.559753 0.0276582 -0.0464442 -0.1863625 -0.0089939 0.1981714 0.1059401 0.9743839
1305031453.727652 0.0121071 0.0007028 -0.2935810 0.0290028 0.1744666 0.1020447 0.9789317
1305031453.927723 -0.1019149 0.0653110 -0.3254377 0.0506361 0.1142142 0.0615547 0.9902536
1305031454.091651 -0.1683445 0.0455002 -0.3443410 0.0355515 0.0500778 0.0092965 0.9980690
1305031454.259627 -0.2286672 0.0524411 -0.3280528 0.0391364 -0.0273083 -0.0644245 0.9967809
1305031454.427465 -0.2887261 0.0656991 -0.3201925 0.0421062 -0.0756679 -0.1350854 0.9870427
1305031454.591635 -0.3187730 0.0979421 -0.3293569 0.0344674 -0.1174017 -0.2130042 0.9693596
1305031454.759732 -0.3078920 0.1325780 -0.3400463 0.0123687 -0.1830581 -0.2343560 0.9546800
1305031454.859620 -0.2901655 0.1552033 -0.3416190 -0.0004031 -0.1859314 -0.2092842 0.9600154
1305031455.059636 -0.3120053 0.2181782 -0.3613149 -0.0098688 -0.1565384 -0.1765601 0.9717124
1305031455.259631 -0.3801573 0.2800463 -0.3798282 -0.0085303 -0.1254548 -0.1527338 0.9802350
1305031455.391665 -0.4380318 0.3042567 -0.3850168 -0.0364407 -0.1036368 -0.1145864 0.9873204
1305031455.527610 -0.5139207 0.3038666 -0.3997478 -0.0553038 -0.0785086 -0.0697136 0.9929340
1305031455.659615 -0.5995390 0.2903674 -0.4211487 -0.0583140 -0.0680880 -0.0242196 0.9956791
1305031455.991694 -0.7849024 0.2344450 -0.4972573 -0.0544040 -0.0198588 -0.0429113 0.9973989
1305031456.091707 -0.8313745 0.2156858 -0.5045649 -0.0773463 -0.0018448 -0.0582990 0.9952967
1305031456.191658 -0.8601335 0.1761719 -0.5032478 -0.0813163 0.0153652 -0.0578350 0.9948903
1305031456.291675 -0.8985882 0.1582067 -0.4951502 -0.0779387 0.0517493 -0.0495029 0.9943828
1305031456.391619 -0.9310030 0.1440707 -0.4714262 -0.0689409 0.0898132 -0.0369705 0.9928817
1305031456.491677 -0.9874958 0.1651265 -0.4370501 -0.0595853 0.1154042 -0.0188086 0.9913515
1305031456.691612 -1.0493193 0.1606972 -0.3506975 -0.0866101 0.1380709 0.0246027 0.9863214
1305031457.127632 -1.1854481 0.1805609 -0.2002261 -0.1134852 0.1741472 0.1040121 0.9726126
1305031457.259691 -1.2431713 0.1578755 -0.1955166 -0.1131896 0.2050969 0.1271234 0.9638273
1305031457.391684 -1.3190968 0.1392351 -0.2068884 -0.0950662 0.2515124 0.1462320 0.9520085
1305031457.559685 -1.4116905 0.0931703 -0.2220707 -0.0828957 0.2777468 0.1657048 0.9426171
1305031457.691570 -1.4851689 0.0675429 -0.2248698 -0.0775884 0.2904189 0.1774583 0.9370942
1305031457.827699 -1.5350304 0.0103307 -0.2279332 -0.0651864 0.3071537 0.1714615 0.9338139
1305031457.959632 -1.6034832 -0.0432858 -0.2044246 -0.0404233 0.3358321 0.1721899 0.9251667
1305031458.191646 -1.6874943 -0.0878698 -0.1087351 -0.0160384 0.3639972 0.1777733 0.9141365
1305031458.391626 -1.7289068 -0.1577669 0.0216888 -0.0007128 0.3529752 0.1808161 0.9179943
1305031458.659623 -1.7297357 -0.1072318 0.2079214 0.0764318 0.3985646 0.1622487 0.8994330
1305031458.791632 -1.7053223 -0.0767718 0.2830672 0.0741080 0.3418298 0.1275339 0.9281140
1305031459.027665 -1.7025765 -0.1228032 0.3721553 0.0734921 0.3483324 0.1378574 0.9242613
1305031459.191674 -1.7718476 -0.1691805 0.4634531 0.1295480 0.2743676 0.1605773 0.9392309
1305031459.259760 -1.7780161 -0.1657257 0.4850047 0.1364370 0.2591452 0.1790059 0.9392474
1305031459.359651 -1.7739160 -0.1501480 0.5126413 0.1457131 0.3036197 0.2301918 0.9130139
1305031459.591695 -1.8763471 -0.1213748 0.6325207 0.1480946 0.4572056 0.4172473 0.7713208
1305031459.691604 -1.9053607 -0.1294895 0.6709043 0.1434373 0.4753115 0.4304214 0.7538184
1305031459.891596 -1.9574727 -0.2454076 0.7460843 0.1182419 0.4924488 0.4339231 0.7451334
1305031460.027565 -1.9622879 -0.3098215 0.7864801 0.1143349 0.4863872 0.4496983 0.7403557
1305031460.127690 -1.9684122 -0.3707531 0.8165411 0.1242314 0.4770952 0.4654585 0.7350477
1305031460.227761 -1.9492805 -0.3973978 0.8342687 0.1368355 0.4596360 0.4822964 0.7330764
1305031460.327512 -1.9351721 -0.4307052 0.8515019 0.1364589 0.4823976 0.4818492 0.7186744
1305031460.427477 -1.9185809 -0.4634897 0.8678006 0.1289378 0.5069575 0.4921908 0.6957854
1305031460.559647 -1.8962843 -0.5033550 0.8914185 0.1078766 0.5439278 0.5162330 0.6526934
1305031460.691671 -1.8792901 -0.5526261 0.9310225 0.0919792 0.5733221 0.5187846 0.6274584
1305031460.859714 -1.8444366 -0.6009454 0.9703684 0.0652080 0.5868348 0.5178663 0.6190212
1305031461.027620 -1.7848458 -0.6612927 0.9998080 0.0444005 0.5970341 0.5232493 0.6064561
1305031461.159720 -1.7381537 -0.6957188 1.0188044 0.0410739 0.5989257 0.5204072 0.6072704
1305031461.327751 -1.6967139 -0.7075776 1.0376389 0.0410531 0.6074079 0.4989513 0.6167802
1305031461.527705 -1.6456213 -0.7127897 1.0405048 0.0226273 0.6098258 0.4995617 0.6148485
1305031461.627541 -1.6453488 -0.6961498 1.0201200 0.0170813 0.6191552 0.4924999 0.6113910
1305031461.727602 -1.6455972 -0.6773389 1.0046722 0.0148784 0.6213725 0.5026766 0.6008254
1305031461.859767 -1.6726301 -0.6229084 0.9839165 0.0207249 0.6270490 0.5158929 0.5832962
1305031462.027675 -1.7208853 -0.5515540 0.9869186 0.0152090 0.6270235 0.5526868 0.5487691
1305031462.159646 -1.7441971 -0.5153847 0.9797868 0.0222397 0.6029807 0.5913451 0.5350052
1305031462.327540 -1.7828894 -0.4816407 1.0003814 -0.0058318 0.5952557 0.5903836 0.5450540
1305031462.492008 -1.8277189 -0.4488266 1.0352695 -0.0483856 0.5695580 0.5826974 0.5776904
1305031462.692548 -1.8885238 -0.4340943 1.0299373 -0.0742824 0.5466053 0.5502628 0.6268298
1305031462.859782 -1.9611670 -0.3908498 0.9894087 -0.0813456 0.5177863 0.5183716 0.6757005
1305031463.027667 -2.0126491 -0.3487678 0.9210379 -0.0720668 0.5078024 0.4983698 0.6989783
1305031463.195657 -2.0631518 -0.3015354 0.8446670 -0.0632406 0.4960783 0.4555252 0.7364807
1305031463.359750 -2.0731187 -0.2615259 0.7684503 -0.0549010 0.4855672 0.4358650 0.7557990
1305031463.559751 -2.0692623 -0.1888192 0.6641610 -0.0455846 0.4799885 0.4200842 0.7688058
1305031463.795647 -2.0364945 -0.1564170 0.4990712 -0.0326749 0.4742284 0.3958816 0.7856956
1305031464.059652 -2.0031505 -0.1925174 0.3071035 -0.0419234 0.4662037 0.3345904 0.8178911
1305031464.359684 -1.9930439 -0.2356609 0.1417666 0.0023110 0.4002888 0.2899275 0.8693134
1305031464.627672 -1.9301683 -0.2646521 -0.0672856 0.0006721 0.3919191 0.2227778 0.8926193
1305031464.927799 -1.8880023 -0.2878168 -0.1389387 0.0296858 0.3664137 0.0521812 0.9285133
1305031465.295623 -1.6606672 -0.1469428 -0.1049339 -0.0408850 0.2592231 -0.0478794 0.9637632
1305031465.627688 -1.4355378 0.0107620 -0.1972693 0.0045618 0.1400230 0.0521268 0.9887646
1305031465.959710 -1.2139589 0.2505237 -0.3304953 0.0910593 0.1104737 0.0982076 0.9848142
1305031466.227951 -1.1450963 0.4498582 -0.4205423 0.0806661 0.0877066 0.0941502 0.9884009
1305031466.459790 -1.0661849 0.5198935 -0.5526396 0.0698813 0.0994445 0.0501341 0.9913194
1305031466.795604 -0.8743047 0.6145120 -0.6657822 0.0517112 0.0895812 0.0078635 0.9946051
1305031467.128974 -0.7092458 0.6643671 -0.7528362 0.0533682 0.0205198 -0.0273074 0.9979905
1305031467.427783 -0.5866989 0.7016245 -0.8214718 0.0521656 -0.0332046 -0.0733301 0.9953888
1305031467.695886 -0.4633054 0.7058015 -0.8651704 0.0550706 -0.0724498 -0.0866368 0.9920748
1305031467.959826 -0.3532655 0.6257983 -0.7999334 0.0894087 -0.1122657 -0.1028454 0.9842893
1305031468.228158 -0.2459164 0.5198215 -0.6806300 0.0913049 -0.1341760 -0.1220778 0.9791616
1305031468.595768 -0.1546904 0.2932092 -0.6101952 0.0770658 -0.1269973 -0.1329410 0.9799282
1305031468.928141 -0.1745065 0.1194647 -0.5715029 0.0782335 -0.1406671 -0.1555222 0.9746308
1305031469.296754 -0.1930752 0.0509642 -0.4573812 -0.0409564 -0.0959296 -0.2049363 0.9732015
1305031469.695613 -0.1949927 0.1278553 -0.2886223 -0.0942949 -0.0470853 -0.2255612 0.9685110
1305031470.027694 -0.2829458 0.2773431 -0.1909299 -0.1336544 -0.0413683 -0.1974422 0.9702792
1305031470.327644 -0.4203340 0.4027815 -0.1718649 -0.1614658 -0.0346454 -0.1691525 0.9716563
1305031470.527689 -0.5122571 0.4511471 -0.1709680 -0.1713869 -0.0411840 -0.1605127 0.9711674
1305031470.727654 -0.5892997 0.4791636 -0.1631445 -0.1810566 -0.0376387 -0.1416112 0.9724958
1305031470.927684 -0.6609455 0.4779436 -0.1572332 -0.1761417 -0.0237207 -0.1188328 0.9768778
1305031471.259722 -0.7515476 0.4530250 -0.1656591 -0.1220829 -0.0047696 -0.0777933 0.9894550
1305031471.496491 -0.7919611 0.4426956 -0.1711223 -0.1105725 0.0233174 -0.0472105 0.9924723
1305031471.995573 -0.8395531 0.4579391 -0.1948674 -0.1178807 0.0955963 0.0188793 0.9882354
1305031472.227626 -0.8722404 0.4642851 -0.1814571 -0.1300731 0.1213374 0.0432928 0.9830992
1305031472.563587 -0.8807294 0.4375196 -0.1801006 -0.1122647 0.1265067 0.0494761 0.9843500
1305031472.795640 -0.8642467 0.4192236 -0.1799433 -0.0994626 0.1216992 0.0521075 0.9861954
