1311867170.462290 0.0000000 0.0000000 0.0000000 -0.0000000 -0.0000000 -0.0000000 1.0000000
1311867170.994263 -0.0158666 -0.0172463 -0.0249326 0.0036222 -0.0163399 -0.0093002 0.9998167
1311867171.026274 -0.0164125 -0.0195576 -0.0265005 0.0040949 -0.0155381 -0.0108362 0.9998122
1311867171.262244 -0.0075610 -0.0209174 -0.0356359 0.0137709 -0.0184136 -0.0066021 0.9997138
1311867171.326387 -0.0042185 -0.0206113 -0.0372742 0.0104259 -0.0085319 -0.0132911 0.9998209
1311867178.195046 -0.3247891 0.0294243 -0.0963372 -0.0276443 -0.0691900 -0.0532201 0.9957992
1311867179.662575 -0.3724149 0.0369037 -0.1090893 -0.0227445 -0.0831376 -0.0555464 0.9947288
1311867181.162904 -0.3512561 0.0408094 -0.1079914 -0.0262486 -0.0823768 -0.0686227 0.9938893
1311867181.962919 -0.3167913 0.0346159 -0.1088130 -0.0254836 -0.0844141 -0.0586096 0.9943791
1311867182.262912 -0.3057451 0.0313995 -0.1057801 -0.0238501 -0.0863856 -0.0545027 0.9944839
1311867182.896985 -0.2785028 0.0212188 -0.1089556 -0.0134635 -0.0731465 -0.0584338 0.9955169
1311867183.030883 -0.2715057 0.0207154 -0.1064890 -0.0163464 -0.0741182 -0.0577877 0.9954395
1311867183.566151 -0.2501488 0.0160590 -0.1037354 -0.0169302 -0.0732246 -0.0652761 0.9950330
1311867183.931483 -0.2354721 0.0098834 -0.0989040 -0.0182898 -0.0709762 -0.0653208 0.9951689
1311867192.431620 0.2567472 -0.0672376 -0.0298014 -0.0410658 -0.0587828 -0.0535533 0.9959871
1311867194.699671 0.3223301 -0.0752762 -0.0211626 -0.0482162 -0.0493272 -0.0572938 0.9959716
1311867195.031823 0.3189998 -0.0752936 -0.0185460 -0.0494886 -0.0493001 -0.0576242 0.9958915
1311867196.099654 0.2825035 -0.0721736 -0.0214585 -0.0487040 -0.0516104 -0.0567331 0.9958643
1311867196.631994 0.2617532 -0.0697564 -0.0225380 -0.0500469 -0.0503314 -0.0561366 0.9958970
1311867208.600595 -0.0613398 -0.2285935 -0.0779436 0.0213251 -0.0712049 -0.0730201 0.9945568
1311867209.568689 -0.0723170 -0.2533646 -0.0818491 0.0298396 -0.0759531 -0.0726948 0.9940102
1311867211.136879 -0.0763132 -0.2699633 -0.0946469 0.0303722 -0.0730244 -0.0783548 0.9937834
1311867212.768959 -0.0666177 -0.2350931 -0.1089344 0.0475164 -0.0704770 -0.0709205 0.9938539
1311867213.469040 -0.0570813 -0.2148634 -0.1190460 0.0582126 -0.0694680 -0.0635176 0.9938567
1311867224.076133 -0.0069815 0.0947254 -0.1148717 -0.0537902 -0.0467137 -0.0599280 0.9956571
1311867225.437602 -0.0064559 0.1448860 -0.1208967 -0.0288076 -0.0342589 -0.0541736 0.9975278
1311867227.337747 -0.0187686 0.2053223 -0.1395111 -0.0151771 -0.0437823 -0.0548169 0.9974206
1311867229.006218 -0.0197292 0.2169967 -0.1421350 -0.0097273 -0.0406380 -0.0563773 0.9975348
1311867229.237989 -0.0202019 0.2087645 -0.1442101 -0.0057052 -0.0432131 -0.0500202 0.9977967
1311867229.737926 -0.0219528 0.1861915 -0.1501794 0.0013291 -0.0492085 -0.0483147 0.9976184
1311867230.274102 -0.0244809 0.1669711 -0.1575918 0.0139466 -0.0503718 -0.0512230 0.9973186
1311867231.105954 -0.0295506 0.1476557 -0.1651748 0.0137770 -0.0537054 -0.0458780 0.9974072
1311867232.106162 -0.0354093 0.1200745 -0.1739606 0.0210047 -0.0567533 -0.0421004 0.9972790
1311867238.306377 -0.0588159 0.0332940 -0.0719585 0.0123211 -0.0571846 -0.0557135 0.9967318
1311867246.743305 -0.0831411 0.0013803 0.3158387 -0.0745514 -0.0240737 -0.0582418 0.9952238
1311867247.475103 -0.0872260 -0.0040143 0.3153563 -0.0701243 -0.0266456 -0.0595697 0.9954014
1311867247.643111 -0.0858419 -0.0074151 0.3080896 -0.0655281 -0.0272178 -0.0611373 0.9956041
1311867258.083652 -0.0198639 -0.0219382 -0.3145017 0.0082727 -0.0496866 -0.0557340 0.9971743
1311867260.780035 0.0286726 -0.0232137 -0.4533681 0.0256912 -0.0485993 -0.0533291 0.9970627
1311867264.612330 0.0616144 0.0207010 -0.7060415 0.0829692 -0.0573086 -0.0672664 0.9926264
1311867264.848189 0.0633099 0.0226329 -0.7143834 0.0851069 -0.0629935 -0.0712170 0.9918250
1311867265.748225 0.0693058 0.0283060 -0.7472386 0.1008903 -0.0523576 -0.0552463 0.9919817
1311867266.112239 0.0686585 0.0302142 -0.7544269 0.0990407 -0.0525296 -0.0499796 0.9924383
1311867266.680311 0.0668962 0.0320236 -0.7717581 0.1163195 -0.0558779 -0.0523792 0.9902545
1311867267.612361 0.0606598 0.0277519 -0.7556650 0.0943527 -0.0446209 -0.0568399 0.9929128
1311867269.848489 0.0122412 0.0019244 -0.6319829 0.0478029 -0.0307618 -0.0579384 0.9967004
1311867270.116645 0.0093441 -0.0012103 -0.6201436 0.0439581 -0.0251668 -0.0598382 0.9969221
1311867271.248477 0.0147461 -0.0258556 -0.5598300 0.0249830 -0.0226575 -0.0608272 0.9975784
1311867271.548770 0.0155809 -0.0377066 -0.5381449 0.0273184 -0.0292256 -0.0577674 0.9975282
1311867272.016678 0.0084785 -0.0499052 -0.4922529 0.0210948 -0.0383631 -0.0604191 0.9972125
1311867272.680692 0.0149496 -0.0688822 -0.4423040 0.0145261 -0.0452214 -0.0671124 0.9966143
1311867273.548807 0.0377036 -0.0706491 -0.3995118 0.0103860 -0.0533050 -0.0658066 0.9963534
1311867274.416837 0.0247434 -0.0850853 -0.3257684 -0.0019827 -0.0458412 -0.0700809 0.9964855
1311867281.085147 -0.0261193 -0.1133504 0.1163720 -0.0593401 -0.0287809 -0.0634583 0.9958029
1311867281.485107 -0.0233308 -0.1135002 0.1379047 -0.0740769 -0.0271044 -0.0626818 0.9949116
1311867289.353909 -0.0140326 -0.1141933 0.2101171 -0.0731560 -0.0472218 -0.0606516 0.9943540
1311867291.689647 -0.0139549 -0.1153930 0.2087894 -0.0729427 -0.0583484 -0.0658667 0.9934467
1311867292.425930 -0.0146709 -0.1166295 0.2107000 -0.0723542 -0.0556480 -0.0644998 0.9937344
1311867292.688015 -0.0144573 -0.1170496 0.2117960 -0.0728729 -0.0564795 -0.0643858 0.9936569
