1311867170.462290 0.0000000 0.0000000 0.0000000 -0.0000000 -0.0000000 -0.0000000 1.0000000
1311867170.862221 -0.0137563 -0.0109573 -0.0153201 -0.0042118 -0.0172657 -0.0032674 0.9998367
1311867170.894378 -0.0135099 -0.0123275 -0.0168606 -0.0018701 -0.0173569 -0.0034007 0.9998419
1311867171.162247 -0.0153978 -0.0218692 -0.0310270 0.0116110 -0.0195344 -0.0075305 0.9997134
1311867171.294341 -0.0043229 -0.0193059 -0.0348619 0.0119939 -0.0140369 -0.0097016 0.9997824
1311867178.730745 -0.3289215 0.0313328 -0.0931901 -0.0271507 -0.0774805 -0.0564462 0.9950243
1311867180.430915 -0.3524924 0.0380347 -0.1046770 -0.0228065 -0.0773488 -0.0643261 0.9946654
1311867180.994818 -0.3416434 0.0398817 -0.1026726 -0.0250970 -0.0812731 -0.0716746 0.9937946
1311867181.094872 -0.3361757 0.0392359 -0.1024179 -0.0259631 -0.0834044 -0.0698585 0.9937250
1311867181.830801 -0.3064873 0.0340810 -0.1004222 -0.0274115 -0.0850683 -0.0597852 0.9942021
1311867181.995551 -0.3008842 0.0324529 -0.1006076 -0.0254665 -0.0841295 -0.0571249 0.9944901
1311867182.399028 -0.2862450 0.0285261 -0.0973471 -0.0225531 -0.0843726 -0.0562418 0.9945901
1311867183.263324 -0.2496075 0.0179111 -0.0971021 -0.0189322 -0.0742851 -0.0594010 0.9952863
1311867183.532172 -0.2409869 0.0150206 -0.0971224 -0.0164495 -0.0732064 -0.0644969 0.9950932
1311867183.631088 -0.2360374 0.0137789 -0.0964411 -0.0174567 -0.0724886 -0.0648398 0.9951063
1311867184.369763 -0.2076040 0.0040602 -0.0877058 -0.0204547 -0.0700339 -0.0652044 0.9952011
1311867185.437322 -0.1400557 -0.0111705 -0.0659485 -0.0229203 -0.0738250 -0.0572428 0.9953632
1311867194.799726 0.3049853 -0.0717989 -0.0187217 -0.0498548 -0.0481115 -0.0577312 0.9959251
1311867195.463774 0.2913296 -0.0697033 -0.0202926 -0.0469242 -0.0512624 -0.0584462 0.9958686
1311867196.231920 0.2620803 -0.0694756 -0.0206413 -0.0488946 -0.0506634 -0.0579096 0.9958358
1311867196.368729 0.2579445 -0.0683146 -0.0216917 -0.0490938 -0.0500332 -0.0580315 0.9958508
1311867196.767707 0.2406938 -0.0650803 -0.0195487 -0.0524238 -0.0494467 -0.0554521 0.9958574
1311867196.899715 0.2343255 -0.0659535 -0.0188467 -0.0531898 -0.0498704 -0.0558282 0.9957746
1311867208.836883 -0.0586356 -0.2234073 -0.0727686 0.0207671 -0.0728172 -0.0748454 0.9943161
1311867209.368685 -0.0642019 -0.2351802 -0.0775430 0.0299123 -0.0745183 -0.0737270 0.9940405
1311867211.268944 -0.0723599 -0.2538950 -0.0912508 0.0323204 -0.0727682 -0.0791484 0.9936779
1311867212.001054 -0.0695334 -0.2436524 -0.0942150 0.0397404 -0.0689721 -0.0814101 0.9934968
1311867213.369001 -0.0554903 -0.2072159 -0.1123409 0.0572124 -0.0691682 -0.0637933 0.9939180
1311867224.537809 -0.0030295 0.1051555 -0.1157689 -0.0360781 -0.0393397 -0.0599247 0.9967747
1311867225.773659 -0.0112912 0.1462568 -0.1206297 -0.0091875 -0.0346464 -0.0626662 0.9973907
1311867225.937904 -0.0142409 0.1507289 -0.1225266 -0.0097211 -0.0399514 -0.0611812 0.9972795
1311867227.405700 -0.0200578 0.1953383 -0.1311037 -0.0147159 -0.0423703 -0.0560212 0.9974216
1311867228.405817 -0.0171963 0.2181253 -0.1294742 -0.0196836 -0.0402679 -0.0535276 0.9975600
1311867228.974031 -0.0194386 0.2081155 -0.1335146 -0.0111340 -0.0399361 -0.0566168 0.9975348
1311867229.205881 -0.0183363 0.1994254 -0.1350740 -0.0073978 -0.0424651 -0.0513543 0.9977499
1311867229.874033 -0.0234157 0.1721233 -0.1435734 0.0048168 -0.0489105 -0.0497287 0.9975529
1311867230.874133 -0.0267691 0.1434109 -0.1551060 0.0174377 -0.0549080 -0.0448392 0.9973317
1311867231.205918 -0.0294296 0.1367918 -0.1569930 0.0160972 -0.0530233 -0.0468397 0.9973642
1311867231.374183 -0.0311814 0.1314011 -0.1586313 0.0219287 -0.0538754 -0.0465550 0.9972208
1311867232.342085 -0.0333239 0.1091997 -0.1676069 0.0228883 -0.0594824 -0.0421843 0.9970750
1311867244.074729 -0.0686864 -0.0065700 0.1896506 -0.0393926 -0.0412759 -0.0499117 0.9971225
1311867247.243728 -0.0811572 -0.0024082 0.3033204 -0.0739514 -0.0213605 -0.0566632 0.9954216
1311867247.411675 -0.0820960 -0.0043406 0.3004856 -0.0725660 -0.0261073 -0.0587747 0.9952880
1311867247.611460 -0.0812431 -0.0075532 0.2936143 -0.0670962 -0.0274453 -0.0612483 0.9954866
1311867248.543189 -0.0694166 -0.0122085 0.2479659 -0.0541010 -0.0263404 -0.0607183 0.9963396
1311867248.776222 -0.0665091 -0.0094742 0.2354595 -0.0531048 -0.0290296 -0.0590122 0.9964210
1311867257.643749 -0.0236525 -0.0169268 -0.2813478 0.0074971 -0.0563849 -0.0629607 0.9963937
1311867260.879809 0.0297519 -0.0272467 -0.4381897 0.0285889 -0.0496628 -0.0544945 0.9968684
1311867262.547912 0.0284613 -0.0073258 -0.5499678 0.0536232 -0.0363941 -0.0484597 0.9967205
1311867262.979967 0.0326549 0.0001670 -0.5820749 0.0606550 -0.0309626 -0.0410597 0.9968332
1311867264.312006 0.0556396 0.0149970 -0.6560673 0.0760695 -0.0436374 -0.0617931 0.9942288
1311867264.747965 0.0573303 0.0190521 -0.6755814 0.0855850 -0.0609227 -0.0699086 0.9920062
1311867264.980433 0.0604607 0.0200338 -0.6820702 0.0847642 -0.0622622 -0.0704053 0.9919584
1311867265.648285 0.0655704 0.0224804 -0.7072580 0.0996457 -0.0533775 -0.0574374 0.9919287
1311867265.880193 0.0642725 0.0282686 -0.7099991 0.0969613 -0.0511812 -0.0523646 0.9925910
1311867266.580375 0.0675247 0.0293910 -0.7306787 0.1137284 -0.0572643 -0.0506819 0.9905645
1311867266.948171 0.0616989 0.0305964 -0.7324507 0.1152146 -0.0523252 -0.0536337 0.9905105
1311867267.612361 0.0572056 0.0263388 -0.7179847 0.0942215 -0.0444740 -0.0565338 0.9929493
1311867269.116536 0.0307805 0.0041664 -0.6444039 0.0754537 -0.0348848 -0.0568569 0.9949156
1311867270.316658 0.0075652 -0.0053818 -0.5777658 0.0380113 -0.0236472 -0.0591221 0.9972465
1311867271.080591 0.0112373 -0.0224228 -0.5368466 0.0227490 -0.0244539 -0.0610943 0.9975730
1311867271.548770 0.0139787 -0.0360980 -0.5112931 0.0272734 -0.0290335 -0.0578460 0.9975305
1311867273.480769 0.0342154 -0.0690714 -0.3825927 0.0135644 -0.0562842 -0.0666545 0.9960950
1311867273.748711 0.0404260 -0.0678165 -0.3630949 0.0053652 -0.0456691 -0.0587820 0.9972112
1311867274.016822 0.0368214 -0.0720850 -0.3439765 -0.0013011 -0.0398796 -0.0631437 0.9972065
1311867274.516798 0.0224419 -0.0844006 -0.3013759 0.0002236 -0.0457768 -0.0671039 0.9966953
1311867274.816702 0.0179917 -0.0907466 -0.2814164 0.0110843 -0.0433791 -0.0649602 0.9968830
1311867276.948866 -0.0358349 -0.1092152 -0.1418113 -0.0121336 -0.0244596 -0.0596109 0.9978482
1311867277.681057 -0.0434052 -0.1099209 -0.0987749 -0.0167553 -0.0291433 -0.0571704 0.9977983
1311867281.849170 -0.0177898 -0.1102530 0.1453606 -0.0764085 -0.0345789 -0.0581568 0.9947783
1311867282.549242 -0.0053793 -0.1114330 0.1688824 -0.0812470 -0.0403711 -0.0516480 0.9945359
1311867292.220732 -0.0130608 -0.1096144 0.1995725 -0.0723949 -0.0540573 -0.0641201 0.9938438
1311867292.425930 -0.0136154 -0.1101409 0.2001988 -0.0721010 -0.0557882 -0.0650251 0.9937106
1311867292.659508 -0.0136971 -0.1103358 0.2004430 -0.0730934 -0.0563682 -0.0647944 0.9936205
