1305031452.791720 0.0000000 0.0000000 0.0000000 -0.0000000 -0.0000000 -0.0000000 1.0000000
1305031452.891726 0.0247009 0.0035913 -0.0132968 -0.0002325 0.0160008 0.0445718 0.9988781
1305031452.923715 0.0255497 0.0054711 -0.0138900 -0.0035992 0.0202160 0.0496769 0.9985542
1305031452.991647 0.0298204 0.0017233 -0.0155991 -0.0049610 0.0289077 0.0478571 0.9984235
1305031453.059754 0.0419371 0.0003741 -0.0298068 -0.0059339 0.0504336 0.0487706 0.9975182
1305031453.159673 0.0493173 -0.0001920 -0.0507449 -0.0077922 0.0882382 0.0482785 0.9948983
1305031453.259670 0.0511505 -0.0020609 -0.0755176 -0.0122699 0.1240928 0.0481282 0.9910268
1305031453.391690 0.0335466 0.0001302 -0.1099105 -0.0093886 0.1710498 0.0782125 0.9821083
1305031453.523684 0.0290254 0.0075100 -0.1629064 0.0067109 0.1934580 0.1101907 0.9748780
1305031453.691678 0.0060020 0.0428436 -0.2581639 0.0440981 0.1844867 0.1139016 0.9752162
1305031453.891710 -0.0726096 0.0762635 -0.3397077 0.0571164 0.1248499 0.0702644 0.9880350
1305031454.059654 -0.1280415 0.0790788 -0.3815099 0.0485557 0.0497453 0.0296669 0.9971398
1305031454.227671 -0.2133910 0.0623368 -0.3922943 0.0417467 -0.0209278 -0.0384340 0.9981694
1305031454.391677 -0.2602968 0.0807423 -0.3903223 0.0510968 -0.0735793 -0.1092952 0.9899645
1305031454.559575 -0.2999091 0.1106309 -0.3958121 0.0487835 -0.1153001 -0.1854520 0.9746454
1305031454.727659 -0.3053023 0.1468163 -0.4068865 0.0276470 -0.1860894 -0.2316475 0.9544348
1305031454.827570 -0.2815219 0.1757948 -0.4062617 0.0169415 -0.1997107 -0.2094079 0.9570669
1305031455.059636 -0.3033557 0.2516429 -0.4294899 0.0013732 -0.1673795 -0.1689267 0.9713115
1305031455.259631 -0.3780531 0.3186926 -0.4503454 0.0017985 -0.1368971 -0.1439500 0.9800686
1305031455.427642 -0.4634814 0.3440523 -0.4644125 -0.0345174 -0.1064083 -0.0953813 0.9891351
1305031455.527610 -0.5288217 0.3429740 -0.4785751 -0.0459170 -0.0895746 -0.0616410 0.9930098
1305031455.891657 -0.7775369 0.2779641 -0.5705935 -0.0430285 -0.0445765 -0.0284280 0.9976740
1305031456.091707 -0.8779721 0.2380472 -0.6035348 -0.0700474 -0.0120473 -0.0493694 0.9962484
1305031456.191658 -0.9105757 0.1952550 -0.6032244 -0.0736182 0.0058545 -0.0491737 0.9960563
1305031456.291675 -0.9506730 0.1757639 -0.5942541 -0.0701569 0.0416869 -0.0396144 0.9958770
1305031456.391619 -0.9870011 0.1582140 -0.5695707 -0.0620626 0.0796897 -0.0266081 0.9945300
1305031456.491677 -1.0498376 0.1791682 -0.5342328 -0.0532481 0.1047470 -0.0087458 0.9930339
1305031456.659665 -1.1068225 0.1725588 -0.4525554 -0.0838779 0.1222496 0.0247115 0.9886400
1305031457.059621 -1.2542015 0.2130088 -0.2908140 -0.0910803 0.1518491 0.1030237 0.9787913
1305031457.159693 -1.2918087 0.1917144 -0.2740040 -0.1040478 0.1713700 0.1193206 0.9724037
1305031457.259691 -1.3374491 0.1642262 -0.2715100 -0.1085082 0.1934913 0.1366741 0.9654570
1305031457.391684 -1.4208964 0.1440199 -0.2850866 -0.0903575 0.2403494 0.1560355 0.9537928
1305031457.527638 -1.5024369 0.1032437 -0.2993622 -0.0817993 0.2607472 0.1721684 0.9464025
1305031457.659632 -1.5851915 0.0733929 -0.3104560 -0.0689014 0.2785068 0.1833654 0.9402466
1305031457.791567 -1.6338861 -0.0052235 -0.3086842 -0.0747097 0.2870643 0.1821993 0.9374518
1305031457.927633 -1.7091279 -0.0495153 -0.2979144 -0.0424619 0.3212569 0.1801087 0.9287367
1305031458.091690 -1.7786067 -0.0844320 -0.2550892 -0.0123588 0.3410448 0.1837547 0.9218297
1305031458.327628 -1.8624872 -0.1696177 -0.0903548 -0.0149474 0.3462484 0.1912304 0.9183244
1305031458.591641 -1.8734727 -0.1735532 0.0922358 0.0789947 0.3905640 0.1770017 0.8999389
1305031458.727650 -1.8691018 -0.1398225 0.2074429 0.0715192 0.3643259 0.1606609 0.9145162
1305031458.859887 -1.8265052 -0.1214766 0.2573044 0.0706410 0.3163107 0.1375679 0.9359661
1305031459.027665 -1.8564788 -0.1613808 0.3368580 0.0775474 0.3401104 0.1489501 0.9252704
1305031459.127618 -1.9096844 -0.2114782 0.4055879 0.1126776 0.3068114 0.1647531 0.9306057
1305031459.227607 -1.9444805 -0.2215871 0.4512828 0.1380867 0.2566219 0.1807938 0.9393566
1305031459.327632 -1.9349036 -0.2043950 0.4803844 0.1419837 0.2755773 0.2211692 0.9246524
1305031459.427646 -1.9674251 -0.1645510 0.5323243 0.1496540 0.3561756 0.3021794 0.8714529
1305031459.559647 -2.0203617 -0.1544331 0.6083529 0.1489687 0.4387537 0.4143721 0.7833258
1305031459.691604 -2.0761971 -0.1759847 0.6679283 0.1444322 0.4649246 0.4446974 0.7518169
1305031459.859660 -2.1306300 -0.2845650 0.7364866 0.1235896 0.4871467 0.4421912 0.7428867
1305031459.991725 -2.1420612 -0.3599687 0.7824831 0.1152278 0.4779632 0.4587082 0.7401760
1305031460.127690 -2.1443455 -0.4492681 0.8162131 0.1232805 0.4663807 0.4800812 0.7326752
1305031460.227761 -2.1228907 -0.4760448 0.8383209 0.1366838 0.4495528 0.4959857 0.7302178
1305031460.391611 -2.0946538 -0.5330780 0.8683760 0.1296296 0.4878996 0.5009562 0.7029887
1305031460.491504 -2.0819201 -0.5577532 0.8914607 0.1216431 0.5190969 0.5135630 0.6723053
1305031460.591855 -2.0590563 -0.6039678 0.9096614 0.1006094 0.5425752 0.5299677 0.6439131
1305031460.727675 -2.0379720 -0.6561229 0.9506432 0.0840986 0.5649393 0.5331471 0.6241195
1305031460.859714 -2.0065422 -0.6972169 0.9865268 0.0628600 0.5772106 0.5303046 0.6177812
1305031461.027620 -1.9402940 -0.7626296 1.0173588 0.0411378 0.5868540 0.5353686 0.6060449
1305031461.159720 -1.8897703 -0.7992182 1.0374084 0.0382910 0.5885257 0.5326106 0.6070398
1305031461.327751 -1.8449199 -0.8115904 1.0563047 0.0387863 0.5965582 0.5118048 0.6169844
1305031461.459781 -1.8106954 -0.8105721 1.0729282 0.0222050 0.5996421 0.5119326 0.6147043
1305031461.591690 -1.7882704 -0.8042876 1.0405540 0.0175065 0.6038289 0.5061991 0.6155052
1305031461.727602 -1.7887309 -0.7770776 1.0233642 0.0120837 0.6107932 0.5153479 0.6010010
1305031461.859767 -1.8202498 -0.7189748 1.0024002 0.0175376 0.6168679 0.5278803 0.5835313
1305031462.027675 -1.8741313 -0.6375748 1.0058458 0.0125677 0.6162289 0.5641299 0.5494192
1305031462.159646 -1.8977602 -0.6037891 1.0020962 0.0170346 0.5934733 0.6025425 0.5333309
1305031462.327540 -1.9399812 -0.5685354 1.0239450 -0.0112652 0.5850434 0.6018768 0.5434535
1305031462.492008 -1.9928359 -0.5314476 1.0610299 -0.0512121 0.5585607 0.5933943 0.5772958
1305031462.659660 -2.0439086 -0.5236049 1.0530627 -0.0772803 0.5340566 0.5715056 0.6182173
1305031462.827816 -2.1268737 -0.4775811 1.0278282 -0.0778415 0.5145529 0.5303754 0.6692369
1305031462.959676 -2.1774979 -0.4402825 0.9694929 -0.0809895 0.5020288 0.5207293 0.6857469
1305031463.095809 -2.2178712 -0.4029008 0.9010088 -0.0683858 0.4876342 0.4937988 0.7167280
1305031463.260034 -2.2530947 -0.3526801 0.8140333 -0.0598403 0.4806024 0.4591528 0.7447277
1305031463.459756 -2.2625744 -0.2786502 0.7119228 -0.0460129 0.4628838 0.4371502 0.7697539
1305031463.659766 -2.2384567 -0.2290326 0.5808761 -0.0389937 0.4616556 0.4303562 0.7746916
1305031463.859910 -2.1991882 -0.2206566 0.4113504 -0.0420450 0.4627713 0.3912026 0.7943774
1305031464.127681 -2.1790533 -0.2670680 0.2212200 -0.0417780 0.4578568 0.3334047 0.8230814
1305031464.427634 -2.1519184 -0.2811275 0.0288307 0.0081863 0.3830438 0.2857484 0.8783839
1305031464.727652 -2.0941975 -0.3474222 -0.1912019 0.0217755 0.4173175 0.1768963 0.8911114
1305031465.127664 -1.9135300 -0.2559260 -0.2153361 0.0154545 0.3095806 -0.0356319 0.9500797
1305031465.427697 -1.6862721 -0.1180618 -0.1971448 -0.0224855 0.1854321 0.0141818 0.9822974
1305031465.759766 -1.4518298 0.1024538 -0.3397815 0.0480926 0.0992494 0.0933801 0.9895033
1305031466.095840 -1.2678757 0.4036326 -0.4514508 0.1115308 0.1099611 0.1039963 0.9821681
1305031466.327702 -1.1724553 0.5317106 -0.5809830 0.0809400 0.0824912 0.0794160 0.9901197
1305031466.595936 -1.0521591 0.6361271 -0.7111865 0.0633567 0.0822965 0.0598535 0.9927894
1305031466.827879 -0.9096467 0.6978878 -0.7877365 0.0573688 0.0741202 0.0165933 0.9954596
1305031467.128974 -0.7447578 0.7412648 -0.8682152 0.0607647 0.0104402 -0.0165007 0.9979611
1305031467.395756 -0.6215355 0.7888047 -0.9357604 0.0637938 -0.0371054 -0.0589990 0.9955263
1305031467.659626 -0.4835115 0.7905429 -0.9864192 0.0589393 -0.0791203 -0.0746726 0.9923155
1305031467.859729 -0.3901429 0.7421345 -0.9537625 0.0850783 -0.0998765 -0.0878620 0.9874547
1305031468.095867 -0.2920458 0.6725487 -0.8416782 0.1094734 -0.1339094 -0.1050790 0.9793071
1305031468.395860 -0.1580967 0.4896660 -0.7219526 0.0981183 -0.1393534 -0.1060793 0.9796431
1305031468.695835 -0.1382402 0.2593758 -0.6888102 0.0786347 -0.1471611 -0.1314165 0.9771847
1305031469.027699 -0.1561722 0.1361844 -0.6404160 0.0494461 -0.1405572 -0.1530883 0.9769149
1305031469.395695 -0.1558200 0.0669537 -0.4839427 -0.0467956 -0.0923701 -0.2077180 0.9726927
1305031469.759599 -0.1899310 0.1747070 -0.3245105 -0.0975347 -0.0461727 -0.2147477 0.9706897
1305031470.095944 -0.3138373 0.3471579 -0.2324478 -0.1265927 -0.0492022 -0.1871488 0.9728971
1305031470.395823 -0.4670340 0.4662023 -0.2199706 -0.1635184 -0.0485245 -0.1541769 0.9732094
1305031470.627729 -0.5799499 0.5147594 -0.2208602 -0.1690222 -0.0497469 -0.1457782 0.9735017
1305031470.859645 -0.6705189 0.5309408 -0.2110328 -0.1724116 -0.0371020 -0.1196544 0.9770263
1305031471.259722 -0.7991371 0.5003186 -0.2229663 -0.1123564 -0.0169402 -0.0691517 0.9911141
1305031471.759702 -0.8756026 0.4798929 -0.2518768 -0.1012213 0.0441093 -0.0096702 0.9938386
1305031471.995573 -0.8996669 0.5038111 -0.2571196 -0.1106556 0.0851287 0.0273319 0.9898290
1305031472.227626 -0.9371073 0.5106240 -0.2423181 -0.1228119 0.1111244 0.0524086 0.9847954
1305031472.863598 -0.9221046 0.4567558 -0.2393553 -0.0879795 0.1109499 0.0623746 0.9879571
