1305031456.427662 0.0000000 0.0000000 0.0000000 -0.0000000 -0.0000000 -0.0000000 1.0000000
1305031456.559608 -0.0590642 -0.0061780 0.0375514 -0.0134813 0.0091327 0.0231723 0.9995989
1305031456.627612 -0.0766413 0.0176942 0.0545530 -0.0193702 0.0162538 0.0387744 0.9989280
1305031456.659665 -0.0945456 -0.0061986 0.0704671 -0.0369521 0.0245548 0.0437902 0.9980552
1305031456.691612 -0.1107300 -0.0060470 0.0801633 -0.0339241 0.0303538 0.0532236 0.9975445
1305031457.059621 -0.2415271 0.0080948 0.1818937 -0.0533517 0.0503640 0.1224457 0.9897596
1305031457.127632 -0.2608203 -0.0113867 0.1891875 -0.0709076 0.0614870 0.1308922 0.9869441
1305031457.191735 -0.2897414 -0.0116991 0.1836617 -0.0672051 0.0783260 0.1436215 0.9842365
1305031457.391684 -0.3739489 -0.0535331 0.1527571 -0.0606023 0.1371881 0.1786207 0.9724205
1305031457.591678 -0.4680048 -0.1015211 0.1097652 -0.0480337 0.1685970 0.2042103 0.9631023
1305031457.691570 -0.5128834 -0.1231730 0.0954007 -0.0484704 0.1750166 0.2135578 0.9599025
1305031457.791567 -0.5348933 -0.1789423 0.0826260 -0.0484301 0.1824209 0.2107361 0.9591494
1305031457.891593 -0.5749756 -0.2224819 0.0769618 -0.0360005 0.2107325 0.2098004 0.9540858
1305031457.991644 -0.6201597 -0.2458017 0.0801664 -0.0093022 0.2230744 0.2159813 0.9505280
1305031458.091690 -0.6593640 -0.2568976 0.0961682 0.0098831 0.2393978 0.2193308 0.9457722
1305031458.191646 -0.7040114 -0.2878163 0.1384897 0.0086169 0.2513144 0.2244100 0.9414919
1305031458.327628 -0.7507371 -0.3453919 0.2091226 0.0058512 0.2441825 0.2254855 0.9431314
1305031458.459637 -0.7557317 -0.3858172 0.2656592 0.0410038 0.2445467 0.2434569 0.9376802
1305031458.591641 -0.7842901 -0.3668971 0.3562330 0.0976295 0.2911978 0.2233523 0.9250870
1305031458.727650 -0.8034437 -0.3484665 0.4473718 0.0932513 0.2636867 0.2044828 0.9380620
1305031458.859887 -0.7788414 -0.3384640 0.5006419 0.0963747 0.2164592 0.1795849 0.9547809
1305031458.991647 -0.7941419 -0.3673649 0.5404809 0.0912533 0.2373484 0.1949635 0.9472739
1305031459.127618 -0.8722010 -0.4345498 0.5716932 0.1323649 0.2034600 0.2124400 0.9465479
1305031459.259760 -0.8880224 -0.4299454 0.6455730 0.1642764 0.1453861 0.2376330 0.9462593
1305031459.391667 -0.9285908 -0.4201470 0.6739350 0.1585150 0.2236300 0.3187205 0.9073477
1305031459.659641 -1.0294020 -0.4182356 0.7734376 0.1309106 0.3525998 0.4930697 0.7844859
1305031459.791650 -1.0769613 -0.4927272 0.8047392 0.1099647 0.3865227 0.4959823 0.7697464
1305031460.059659 -1.1121488 -0.6287614 0.8675165 0.0929400 0.3776209 0.5145839 0.7641780
1305031460.191559 -1.1110517 -0.6890324 0.8914919 0.1123088 0.3507828 0.5427071 0.7548558
1305031460.391611 -1.0801597 -0.7498854 0.9158144 0.1020998 0.3885479 0.5531917 0.7297843
1305031460.491504 -1.0728391 -0.7757766 0.9324073 0.0891628 0.4216583 0.5665264 0.7023547
1305031460.627625 -1.0451483 -0.8243269 0.9523251 0.0601569 0.4524200 0.5832456 0.6719537
1305031460.791660 -1.0281237 -0.8855506 0.9990383 0.0369888 0.4788512 0.5808197 0.6572533
1305031460.959649 -0.9856349 -0.9346370 1.0363095 0.0027604 0.4868291 0.5804945 0.6526990
1305031461.091728 -0.9505944 -0.9695473 1.0630649 0.0038742 0.4932204 0.5803953 0.6479659
1305031461.227607 -0.9109889 -0.9934060 1.0807675 0.0014473 0.4976213 0.5713481 0.6526350
1305031461.359709 -0.8882746 -0.9956694 1.1014733 -0.0013729 0.5061980 0.5543695 0.6606331
1305031461.491677 -0.8429147 -1.0025696 1.1036971 -0.0206049 0.5004517 0.5610682 0.6590341
1305031461.591690 -0.8382506 -0.9892521 1.0892795 -0.0185295 0.5090553 0.5511026 0.6609125
1305031461.691563 -0.8413671 -0.9701772 1.0836613 -0.0232216 0.5187142 0.5540803 0.6506853
1305031461.791612 -0.8485584 -0.9382963 1.0656054 -0.0241918 0.5175191 0.5654009 0.6418025
1305031461.891723 -0.8750352 -0.8986469 1.0658164 -0.0214417 0.5266368 0.5806066 0.6205561
1305031462.027675 -0.9092622 -0.8470653 1.0539258 -0.0340483 0.5226449 0.6093926 0.5952510
1305031462.127739 -0.9297628 -0.8212739 1.0541260 -0.0297109 0.5053609 0.6380727 0.5801646
1305031462.259765 -0.9604461 -0.7991452 1.0638751 -0.0461199 0.4993778 0.6436054 0.5781583
1305031462.391695 -0.9959306 -0.7801218 1.0827997 -0.0747952 0.4867989 0.6332716 0.5969922
1305031462.527670 -1.0322596 -0.7652426 1.0940167 -0.1021935 0.4533606 0.6277403 0.6244701
1305031462.627851 -1.0643616 -0.7524474 1.0816191 -0.1113686 0.4349703 0.6081064 0.6546790
1305031462.727652 -1.0947863 -0.7490576 1.0705473 -0.1154655 0.4286133 0.5830759 0.6804270
1305031462.859782 -1.1445639 -0.7052135 1.0280198 -0.1115777 0.4014109 0.5581996 0.7175186
1305031462.959676 -1.1682020 -0.6778834 0.9901607 -0.1091378 0.3960373 0.5511381 0.7262852
1305031463.095809 -1.1932341 -0.6415163 0.9335048 -0.0922894 0.3824865 0.5245653 0.7549953
1305031463.227784 -1.2076645 -0.6039417 0.8756404 -0.0859432 0.3749104 0.4958996 0.7785496
1305031463.359750 -1.2073631 -0.5682784 0.8236601 -0.0722873 0.3676799 0.4808501 0.7926974
1305031463.527670 -1.1881366 -0.5000142 0.7469956 -0.0641899 0.3570139 0.4684445 0.8055933
1305031463.727588 -1.1449749 -0.4493710 0.6433454 -0.0514563 0.3512967 0.4594734 0.8141419
1305031464.159817 -1.0473222 -0.4753481 0.3800235 -0.0389214 0.3506627 0.3676487 0.8604390
1305031464.527574 -0.9787474 -0.4522206 0.1862333 0.0198063 0.2733309 0.2997124 0.9138219
1305031464.827759 -0.9130244 -0.4974280 0.0573411 0.0640369 0.3086210 0.1621053 0.9350798
1305031465.095700 -0.7957593 -0.3993225 0.0914732 0.0835397 0.2347466 0.0125658 0.9683787
1305031465.327674 -0.6566642 -0.3207539 0.1499668 0.0131815 0.1396702 0.0088875 0.9900705
1305031465.595599 -0.4756927 -0.1927842 0.1291114 0.0485316 0.0314081 0.0830833 0.9948645
1305031465.859861 -0.3253331 -0.0065759 0.0843455 0.1174744 -0.0126414 0.1397960 0.9831058
1305031466.059757 -0.2396318 0.1569013 0.0683453 0.1518163 0.0136261 0.1397174 0.9783891
1305031466.259815 -0.1759582 0.2631400 0.0146358 0.1200616 -0.0266034 0.1309677 0.9837301
1305031466.459790 -0.1086370 0.3408520 -0.0634961 0.1195114 -0.0067982 0.0928476 0.9884585
1305031466.659688 0.0101369 0.4028221 -0.1018631 0.1013882 -0.0099527 0.0796945 0.9915998
1305031466.827879 0.0914965 0.4593095 -0.1276908 0.1043276 -0.0190365 0.0451417 0.9933356
1305031466.995712 0.1732520 0.4846961 -0.1497283 0.1118299 -0.0683522 0.0340983 0.9907873
1305031467.227704 0.2738384 0.5209752 -0.1725116 0.1176248 -0.0940107 -0.0095909 0.9885517
1305031467.395756 0.3420711 0.5533466 -0.1926952 0.1196612 -0.1247325 -0.0346814 0.9843374
1305031467.559763 0.4166551 0.5718020 -0.2119796 0.1112028 -0.1509548 -0.0580450 0.9805496
1305031467.727535 0.4887926 0.5565478 -0.2062429 0.1246107 -0.1712162 -0.0598331 0.9754882
1305031467.895947 0.5388187 0.5200678 -0.1692693 0.1508676 -0.1895492 -0.0642229 0.9680834
1305031468.059850 0.5904897 0.4599814 -0.0954314 0.1653628 -0.2111152 -0.0781495 0.9601970
1305031468.259754 0.6552054 0.3736534 -0.0123033 0.1628601 -0.2239780 -0.0877088 0.9568791
1305031468.459759 0.7139266 0.2568847 0.0264335 0.1499055 -0.2209906 -0.0801200 0.9603501
1305031468.627626 0.7229562 0.1637763 0.0308909 0.1451079 -0.2161944 -0.1037849 0.9599127
1305031468.829247 0.7121570 0.0470091 0.0282861 0.1601806 -0.2366292 -0.1240470 0.9502427
1305031469.027699 0.7025633 0.0045868 0.0514281 0.1157871 -0.2176126 -0.1340396 0.9598289
1305031469.259586 0.6837475 -0.0484609 0.1178344 0.0485232 -0.1868148 -0.1817079 0.9642240
1305031469.459668 0.6710140 -0.0548274 0.1923525 0.0258620 -0.1438969 -0.2077873 0.9671863
1305031469.659590 0.6427202 -0.0174345 0.2754931 -0.0086757 -0.1358211 -0.2093981 0.9683129
1305031469.895755 0.5855319 0.0595501 0.3536463 -0.0480436 -0.1257946 -0.1916718 0.9721777
1305031470.095944 0.5066553 0.1368827 0.3851498 -0.0588233 -0.1324467 -0.1803524 0.9728673
1305031470.295718 0.4187083 0.2015794 0.3828143 -0.0832034 -0.1319635 -0.1621564 0.9743553
1305031470.527689 0.3133194 0.2575126 0.3721353 -0.0967878 -0.1352607 -0.1494014 0.9746876
1305031470.727654 0.2414503 0.2790336 0.3679941 -0.1080639 -0.1332112 -0.1315494 0.9763564
1305031470.927684 0.1808678 0.2778811 0.3593776 -0.1024086 -0.1239847 -0.1062076 0.9812545
1305031471.227569 0.1074631 0.2577244 0.3331833 -0.0500104 -0.1077857 -0.0622116 0.9909647
1305031471.659642 0.0512048 0.2346834 0.3039550 -0.0478981 -0.0623803 -0.0116844 0.9968340
1305031471.995573 0.0271726 0.2535740 0.2899469 -0.0640819 -0.0116224 0.0427064 0.9969627
1305031472.295671 -0.0104314 0.2497781 0.2957187 -0.0736877 0.0183195 0.0704437 0.9946217
