1305031452.791720 0.0000000 0.0000000 0.0000000 -0.0000000 -0.0000000 -0.0000000 1.0000000
1305031452.891726 0.0231508 0.0023291 -0.0126690 -0.0007921 0.0163931 0.0438525 0.9989032
1305031452.923715 0.0256144 0.0028712 -0.0139555 -0.0048559 0.0198765 0.0490006 0.9985892
1305031452.991647 0.0253018 0.0018692 -0.0134591 -0.0048863 0.0307531 0.0474258 0.9983893
1305031453.059754 0.0272274 0.0037650 -0.0232288 -0.0041088 0.0569781 0.0476401 0.9972297
1305031453.191726 0.0353390 0.0018617 -0.0494993 -0.0073734 0.1074027 0.0460494 0.9931212
1305031453.259670 0.0361177 0.0007024 -0.0682487 -0.0109513 0.1302834 0.0471877 0.9902927
1305031453.323682 0.0346335 0.0003729 -0.0811350 -0.0067222 0.1547440 0.0605332 0.9860755
1305031453.391690 0.0225066 0.0052540 -0.1022654 -0.0068923 0.1753305 0.0782541 0.9813704
1305031453.491698 0.0191104 0.0069016 -0.1347335 0.0016434 0.1938637 0.1025335 0.9756542
1305031453.591640 0.0093725 0.0202961 -0.1852587 0.0239331 0.2029120 0.1181301 0.9717506
1305031453.727652 -0.0189297 0.0561225 -0.2553787 0.0516444 0.1847010 0.1086946 0.9753994
1305031453.859705 -0.1032636 0.0854840 -0.2758335 0.0657407 0.1591650 0.0761329 0.9821143
1305031453.959641 -0.1417217 0.0964717 -0.2935878 0.0604547 0.1079467 0.0580444 0.9906178
1305031454.059654 -0.1809456 0.1019448 -0.2917864 0.0595865 0.0743356 0.0248548 0.9951411
1305031454.159672 -0.2267449 0.1054294 -0.2816551 0.0600780 0.0366644 -0.0163825 0.9973856
1305031454.259627 -0.2554828 0.0995724 -0.2838026 0.0577055 -0.0127486 -0.0639418 0.9962023
1305031454.359636 -0.2891173 0.1029148 -0.2790678 0.0585615 -0.0404028 -0.1072360 0.9916847
1305031454.459913 -0.3131592 0.1139989 -0.2772943 0.0599387 -0.0714040 -0.1509460 0.9841363
1305031454.659528 -0.3444653 0.1608691 -0.2826417 0.0437262 -0.1279583 -0.2320794 0.9632517
1305031454.727659 -0.3422451 0.1726633 -0.2873446 0.0334406 -0.1574219 -0.2427805 0.9566388
1305031454.791641 -0.3314442 0.1799319 -0.2902316 0.0226725 -0.1680500 -0.2283570 0.9586961
1305031454.927567 -0.3159822 0.2202838 -0.2951259 0.0114545 -0.1560581 -0.1968258 0.9678710
1305031455.159720 -0.3697267 0.2915825 -0.3171729 0.0114936 -0.1225443 -0.1730479 0.9771926
1305031455.259631 -0.4055827 0.3198091 -0.3212272 0.0087576 -0.1080294 -0.1535052 0.9821859
1305031455.327766 -0.4391309 0.3321359 -0.3259198 -0.0025793 -0.0960466 -0.1314348 0.9866576
1305031455.391665 -0.4613145 0.3419706 -0.3244492 -0.0191851 -0.0870270 -0.1143622 0.9894339
1305031455.627617 -0.5992295 0.3413049 -0.3496140 -0.0395697 -0.0559085 -0.0286256 0.9972407
1305031455.927955 -0.7715385 0.2857832 -0.4106789 -0.0333245 -0.0136048 -0.0362001 0.9986961
1305031456.127645 -0.8574829 0.2536598 -0.4314189 -0.0605751 0.0194311 -0.0570630 0.9963418
1305031456.191658 -0.8747476 0.2266185 -0.4285919 -0.0611756 0.0329433 -0.0549343 0.9960696
1305031456.259614 -0.8968047 0.2209549 -0.4251240 -0.0586000 0.0562028 -0.0497112 0.9954578
1305031456.359846 -0.9271985 0.2094747 -0.4124871 -0.0459952 0.0918130 -0.0348895 0.9941013
1305031456.459610 -0.9762883 0.2119415 -0.3788178 -0.0342155 0.1280827 -0.0201574 0.9909681
1305031457.127632 -1.1760869 0.2204914 -0.1278075 -0.0902687 0.1867814 0.1102067 0.9720179
1305031457.459614 -1.3471692 0.1680545 -0.1323762 -0.0667126 0.2778778 0.1647774 0.9440243
1305031457.559685 -1.3913546 0.1375227 -0.1463393 -0.0594799 0.2876496 0.1738453 0.9399456
1305031457.659632 -1.4487571 0.1195634 -0.1475929 -0.0503081 0.3004113 0.1817675 0.9349774
1305031457.759556 -1.4852557 0.0747022 -0.1464832 -0.0590313 0.3041031 0.1836287 0.9329079
1305031457.859623 -1.5225137 0.0429210 -0.1483997 -0.0425734 0.3254879 0.1791100 0.9274507
1305031457.959632 -1.5738702 0.0051049 -0.1281604 -0.0179948 0.3456560 0.1807392 0.9206148
1305031458.091690 -1.6169609 -0.0208460 -0.0942571 0.0045892 0.3623787 0.1817688 0.9141229
1305031458.227611 -1.6625594 -0.0522996 -0.0148443 -0.0016882 0.3726819 0.1897445 0.9083515
1305031458.359590 -1.6842165 -0.1273934 0.0679836 0.0038784 0.3643697 0.1893397 0.9117950
1305031458.491696 -1.6727433 -0.1316237 0.1332160 0.0614004 0.3783190 0.1942594 0.9029773
1305031458.627659 -1.6824675 -0.0702141 0.2379698 0.1042945 0.4097969 0.1677090 0.8905408
1305031458.759945 -1.6678858 -0.0675943 0.3216482 0.0933926 0.3682398 0.1439411 0.9137605
1305031458.859887 -1.6296135 -0.0626999 0.3473583 0.0862149 0.3341994 0.1346853 0.9288368
1305031458.991647 -1.6349964 -0.0871669 0.3978156 0.0838918 0.3554233 0.1482624 0.9190510
1305031459.059631 -1.6683586 -0.1120724 0.4394511 0.1026413 0.3544393 0.1507383 0.9171235
1305031459.191674 -1.7196443 -0.1479606 0.5071504 0.1491633 0.2847272 0.1655816 0.9323430
1305031459.259760 -1.7169125 -0.1443363 0.5290403 0.1575956 0.2667661 0.1851673 0.9325839
1305031459.327632 -1.7165822 -0.1357125 0.5495752 0.1592514 0.2931742 0.2144143 0.9179948
1305031459.391667 -1.7459257 -0.1217089 0.5802677 0.1690053 0.3429420 0.2546062 0.8882588
1305031459.459679 -1.7515948 -0.1075891 0.6086019 0.1693440 0.4022821 0.3280924 0.8377631
1305031459.527594 -1.7764258 -0.0909003 0.6608039 0.1698561 0.4420078 0.3838110 0.7927592
1305031459.591695 -1.8110664 -0.1058929 0.6780379 0.1693094 0.4594538 0.4249743 0.7613366
1305031459.727551 -1.8449936 -0.1421062 0.7217127 0.1543959 0.4840428 0.4465044 0.7365448
1305031459.859660 -1.8845863 -0.2130829 0.7750151 0.1437393 0.4985323 0.4385899 0.7337871
1305031459.927607 -1.8887818 -0.2485292 0.7938003 0.1386432 0.4917496 0.4463977 0.7346356
1305031459.991725 -1.8934693 -0.2769578 0.8170275 0.1363103 0.4894897 0.4539764 0.7319322
1305031460.059659 -1.8934231 -0.3129543 0.8340091 0.1352637 0.4900583 0.4598813 0.7280494
1305031460.127690 -1.8926824 -0.3524042 0.8486884 0.1454504 0.4778282 0.4741172 0.7250775
1305031460.191559 -1.8872602 -0.3720057 0.8651728 0.1578058 0.4634680 0.4864757 0.7236270
1305031460.291689 -1.8652585 -0.4009950 0.8705618 0.1572410 0.4740386 0.4900497 0.7144326
1305031460.459620 -1.8392017 -0.4449037 0.8908947 0.1488287 0.5138246 0.5050094 0.6773475
1305031460.627625 -1.8134652 -0.5070504 0.9245864 0.1190717 0.5576801 0.5295774 0.6279830
1305031460.727675 -1.8000093 -0.5426263 0.9532384 0.1060582 0.5725872 0.5314286 0.6152067
1305031460.827660 -1.7798793 -0.5743898 0.9770408 0.0918163 0.5824970 0.5298200 0.6095555
1305031460.927562 -1.7515972 -0.6060107 1.0003471 0.0683589 0.5910327 0.5303007 0.6039773
1305031461.027620 -1.7144172 -0.6394179 1.0079292 0.0638361 0.5949312 0.5349306 0.5965157
1305031461.127586 -1.6830575 -0.6614572 1.0198302 0.0618865 0.5944970 0.5340515 0.5979401
1305031461.359709 -1.6255311 -0.6829337 1.0447738 0.0561096 0.6085766 0.5085735 0.6064975
1305031461.459781 -1.5976698 -0.6856735 1.0488631 0.0441015 0.6075693 0.5127368 0.6049922
1305031461.559677 -1.5797298 -0.6832404 1.0290858 0.0420653 0.6070706 0.5106863 0.6073675
1305031461.659622 -1.5789139 -0.6695701 1.0148079 0.0340531 0.6194454 0.5064524 0.5988603
1305031461.759684 -1.5864618 -0.6436595 1.0024481 0.0362463 0.6201516 0.5173619 0.5885872
1305031461.859767 -1.6070294 -0.6022704 0.9897814 0.0398966 0.6242050 0.5287387 0.5737697
1305031461.959703 -1.6360661 -0.5539792 0.9707887 0.0423142 0.6159266 0.5520455 0.5604370
1305031462.091777 -1.6639336 -0.5141666 0.9935174 0.0406800 0.6073444 0.5886743 0.5319215
1305031462.191641 -1.6815587 -0.4932541 0.9952159 0.0374071 0.5974650 0.6046700 0.5253670
1305031462.327540 -1.7105616 -0.4702119 1.0151813 0.0115657 0.5910806 0.6035119 0.5350358
1305031462.591862 -1.7792455 -0.4331397 1.0516698 -0.0458084 0.5463824 0.5878961 0.5947655
1305031462.759782 -1.8416729 -0.4111110 1.0404036 -0.0572749 0.5339478 0.5450308 0.6438639
1305031462.859782 -1.8860787 -0.3798175 1.0132208 -0.0602208 0.5170624 0.5298305 0.6695517
1305031462.959676 -1.9187962 -0.3513567 0.9789820 -0.0587696 0.5125145 0.5219849 0.6792693
1305031463.095809 -1.9580178 -0.3174972 0.9238886 -0.0471804 0.5005087 0.4932822 0.7098858
1305031463.227784 -1.9863672 -0.2849770 0.8656571 -0.0464784 0.4944319 0.4643926 0.7332914
1305031463.359750 -1.9983552 -0.2519087 0.8107775 -0.0358777 0.4884831 0.4471143 0.7484556
1305031463.495629 -2.0004797 -0.1952244 0.7429054 -0.0274042 0.4761961 0.4357549 0.7632850
1305031463.659766 -1.9857681 -0.1600821 0.6476958 -0.0191809 0.4766249 0.4287908 0.7672022
1305031463.827761 -1.9655621 -0.1385155 0.5296595 -0.0162116 0.4778537 0.3984708 0.7826967
1305031463.995821 -1.9488931 -0.1591757 0.4100727 -0.0195030 0.4742763 0.3626019 0.8019984
1305031464.195585 -1.9460548 -0.2055801 0.2931636 -0.0089252 0.4650289 0.3255525 0.8232157
1305031464.495633 -1.9215026 -0.1948080 0.1182743 0.0274396 0.3953403 0.2675501 0.8782768
1305031464.759740 -1.8988451 -0.2344718 -0.0350348 0.0472030 0.4396177 0.1486885 0.8845337
1305031465.027823 -1.7887930 -0.2477742 -0.0782108 0.0429761 0.3679254 0.0012044 0.9288609
1305031465.327674 -1.6009266 -0.0876082 -0.0393809 -0.0237356 0.2584468 -0.0249454 0.9654116
1305031465.559812 -1.4428439 0.0119857 -0.0996137 0.0091488 0.1620329 0.0420912 0.9858448
1305031465.827996 -1.2861085 0.1845986 -0.2024445 0.0800381 0.1114782 0.0958324 0.9858918
1305031466.059757 -1.1771083 0.3799084 -0.2694102 0.1287885 0.1329345 0.0946465 0.9781533
1305031466.259815 -1.1213814 0.4850084 -0.3496375 0.0957819 0.0940795 0.0919109 0.9866748
1305031466.427819 -1.0808606 0.5393588 -0.4404977 0.0901848 0.1184732 0.0570556 0.9872059
1305031466.659688 -0.9558774 0.6108102 -0.5295150 0.0708664 0.1100871 0.0417222 0.9905140
1305031466.895694 -0.8518218 0.6694582 -0.5966194 0.0716231 0.0831761 0.0062874 0.9939378
1305031467.159660 -0.7213275 0.7044093 -0.6669997 0.0725553 0.0330035 -0.0342731 0.9962288
1305031467.359654 -0.6478821 0.7388811 -0.7109167 0.0791450 -0.0016336 -0.0640938 0.9947992
1305031467.627532 -0.5319813 0.7491137 -0.7647362 0.0618935 -0.0451943 -0.0870242 0.9932539
1305031467.796075 -0.4570905 0.7271641 -0.7583628 0.0849681 -0.0652293 -0.0991494 0.9892901
1305031467.959826 -0.3921798 0.6693023 -0.7118206 0.1075008 -0.0957629 -0.1043057 0.9840698
1305031468.159864 -0.3148122 0.5997750 -0.6287342 0.1144575 -0.1142186 -0.1211137 0.9793800
1305031468.327847 -0.2416546 0.4982899 -0.5690107 0.1047743 -0.1166159 -0.1214002 0.9801455
1305031468.527756 -0.1979956 0.3793303 -0.5475267 0.0894473 -0.1103270 -0.1199399 0.9825689
1305031468.759628 -0.2103022 0.2406283 -0.5359529 0.0909799 -0.1298050 -0.1450626 0.9766423
1305031468.995711 -0.2138726 0.1859003 -0.5043359 0.0802052 -0.1162601 -0.1566718 0.9774992
1305031469.227754 -0.2278387 0.1089417 -0.4339852 -0.0134603 -0.0840890 -0.1999760 0.9760930
1305031469.495744 -0.2321827 0.1142886 -0.3281713 -0.0447580 -0.0320381 -0.2318905 0.9711834
1305031469.727679 -0.2317748 0.1714892 -0.2328943 -0.0889772 -0.0224636 -0.2234825 0.9703783
1305031469.927854 -0.2723594 0.2606560 -0.1628785 -0.1164670 -0.0195055 -0.2018401 0.9722734
1305031470.127633 -0.3462401 0.3483235 -0.1289185 -0.1265427 -0.0228600 -0.1886837 0.9735825
1305031470.327644 -0.4388221 0.4237292 -0.1158421 -0.1488140 -0.0175630 -0.1667884 0.9745397
1305031470.459721 -0.5023912 0.4638959 -0.1102574 -0.1555755 -0.0196777 -0.1588048 0.9747770
1305031470.595760 -0.5580015 0.4858360 -0.1081969 -0.1579368 -0.0189470 -0.1538203 0.9752109
1305031470.727654 -0.6061589 0.5021145 -0.0984990 -0.1649194 -0.0173714 -0.1394219 0.9762486
1305031470.859645 -0.6470931 0.5097014 -0.0923521 -0.1597570 -0.0061383 -0.1231402 0.9794266
1305031470.995996 -0.6897639 0.5033324 -0.0921700 -0.1364491 -0.0096817 -0.1118374 0.9842664
1305031471.159649 -0.7357339 0.4854371 -0.0981294 -0.1034605 0.0015031 -0.0879907 0.9907327
1305031471.527624 -0.8032174 0.4695422 -0.1033339 -0.0890780 0.0410065 -0.0388555 0.9944214
1305031471.695609 -0.8217731 0.4650167 -0.1153331 -0.0861544 0.0630600 -0.0253572 0.9939607
1305031471.859665 -0.8336977 0.4739107 -0.1225103 -0.0892380 0.0872152 0.0074554 0.9921565
1305031472.027638 -0.8507402 0.4914843 -0.1191306 -0.1012007 0.1178794 0.0279738 0.9874616
1305031472.195682 -0.8740290 0.4916160 -0.1073280 -0.1097355 0.1356593 0.0469630 0.9835392
1305031472.427686 -0.8869120 0.4831042 -0.1073157 -0.0919436 0.1388893 0.0551953 0.9844844
1305031472.627701 -0.8792337 0.4657175 -0.1108278 -0.0826461 0.1375059 0.0590569 0.9852787
1305031472.795640 -0.8675531 0.4467443 -0.1089214 -0.0780032 0.1358229 0.0578487 0.9859620
1305031473.196069 -0.8605669 0.4352697 -0.1005931 -0.0734071 0.1324036 0.0596066 0.9866751
