1305031453.523684 0.0000000 0.0000000 0.0000000 -0.0000000 -0.0000000 -0.0000000 1.0000000
1305031453.691678 0.0004000 0.0279636 -0.0668547 0.0355436 -0.0061532 0.0100051 0.9992991
1305031453.727652 -0.0045258 0.0359417 -0.0791395 0.0400849 -0.0113722 0.0052888 0.9991176
1305031453.791716 -0.0142129 0.0475288 -0.1036246 0.0479774 -0.0301336 -0.0098377 0.9983453
1305031453.927723 -0.0555066 0.0776580 -0.1326321 0.0501916 -0.0812913 -0.0350657 0.9948080
1305031453.991624 -0.0636335 0.0789299 -0.1431423 0.0434740 -0.1119952 -0.0546521 0.9912519
1305031454.059654 -0.0806677 0.0865612 -0.1539427 0.0465074 -0.1360559 -0.0757277 0.9867072
1305031454.127701 -0.1022602 0.0902906 -0.1582121 0.0495790 -0.1611402 -0.1040756 0.9801755
1305031454.191658 -0.1276438 0.1026348 -0.1693229 0.0491559 -0.1887203 -0.1300253 0.9721429
1305031454.259627 -0.1353874 0.1025930 -0.1684126 0.0554988 -0.2224379 -0.1624211 0.9597191
1305031454.327699 -0.1555026 0.1035803 -0.1759562 0.0535809 -0.2369920 -0.1903289 0.9511776
1305031454.391677 -0.1644543 0.1136622 -0.1770156 0.0629040 -0.2577041 -0.2157450 0.9397264
1305031454.491617 -0.1776759 0.1236506 -0.1818470 0.0696135 -0.2853263 -0.2612205 0.9195144
1305031454.659528 -0.1861526 0.1582720 -0.1943720 0.0615216 -0.3298528 -0.3260380 0.8838052
1305031454.727659 -0.1790050 0.1634527 -0.1969754 0.0486707 -0.3576593 -0.3366536 0.8696985
1305031455.027799 -0.1524462 0.2248680 -0.2018734 0.0133672 -0.3440908 -0.2828201 0.8952293
1305031455.259631 -0.1871649 0.2875063 -0.2364336 0.0110378 -0.3118942 -0.2582202 0.9142880
1305031455.359630 -0.2105814 0.3120330 -0.2520963 -0.0109833 -0.2983842 -0.2329586 0.9255142
1305031455.559669 -0.2878139 0.3316863 -0.3014295 -0.0475352 -0.2605992 -0.1754845 0.9481739
1305031455.759683 -0.3645254 0.3338826 -0.3646851 -0.0465282 -0.2398787 -0.1533951 0.9574776
1305031455.859526 -0.4039101 0.3241477 -0.4013620 -0.0430852 -0.2254825 -0.1540863 0.9610196
1305031456.027770 -0.4468169 0.3235180 -0.4496870 -0.0447054 -0.2014493 -0.1650940 0.9644499
1305031456.127645 -0.4851620 0.3043098 -0.4645368 -0.0634542 -0.1822378 -0.1816491 0.9642440
1305031456.227678 -0.5082747 0.2932286 -0.4751904 -0.0558691 -0.1591424 -0.1766715 0.9697111
1305031456.327718 -0.5451187 0.2779709 -0.4743055 -0.0514197 -0.1232336 -0.1652876 0.9771640
1305031456.459610 -0.5952619 0.2982971 -0.4656240 -0.0314562 -0.0773334 -0.1420873 0.9863272
1305031456.891672 -0.7444920 0.3308291 -0.3686973 -0.0882200 -0.0514632 -0.0562590 0.9931786
1305031457.159693 -0.8277592 0.3553639 -0.3502437 -0.1043857 0.0006431 -0.0197426 0.9943407
1305031457.291656 -0.8743080 0.3493100 -0.3703028 -0.0981079 0.0336130 0.0034838 0.9946019
1305031457.427641 -0.9310470 0.3469706 -0.4004723 -0.0838339 0.0793960 0.0282397 0.9929102
1305031457.559685 -0.9774930 0.3256264 -0.4326442 -0.0774929 0.0931242 0.0440834 0.9916549
1305031457.691570 -1.0329124 0.3174978 -0.4578087 -0.0738948 0.1062847 0.0568770 0.9899536
1305031457.827699 -1.0769665 0.2831426 -0.4773068 -0.0583405 0.1224772 0.0534790 0.9893107
1305031457.959632 -1.1388204 0.2565498 -0.4807086 -0.0306036 0.1489143 0.0600425 0.9865510
1305031458.127605 -1.1992159 0.2376736 -0.4608382 -0.0093086 0.1692062 0.0664299 0.9832953
1305031458.291664 -1.2830225 0.2060350 -0.4012033 -0.0130701 0.1741927 0.0702858 0.9821130
1305031458.459637 -1.3124521 0.1869858 -0.3371791 0.0251596 0.1641013 0.0935112 0.9816788
1305031458.591641 -1.3433685 0.2123113 -0.2664953 0.0890208 0.2032887 0.0784060 0.9719061
1305031458.691674 -1.3746665 0.2431577 -0.2142682 0.0852266 0.1920531 0.0661081 0.9754393
1305031458.827564 -1.3548530 0.2551091 -0.1596331 0.0807455 0.1318140 0.0358735 0.9873289
1305031458.927621 -1.3518639 0.2583610 -0.1346618 0.0881507 0.1320200 0.0299306 0.9868659
1305031459.027665 -1.3952061 0.2230458 -0.1090966 0.0857995 0.1490828 0.0484141 0.9839049
1305031459.159639 -1.4757818 0.1961035 -0.0965364 0.1177976 0.0879064 0.0750773 0.9862857
1305031459.259760 -1.4789672 0.2108586 -0.0412598 0.1317265 0.0493429 0.1011156 0.9848802
1305031459.359651 -1.4963497 0.2184738 -0.0251889 0.1341054 0.1033286 0.1521942 0.9737432
1305031459.459679 -1.5248952 0.2383197 -0.0095464 0.1239766 0.2024564 0.2610404 0.9356811
1305031459.559647 -1.5677166 0.2618760 0.0234685 0.1159343 0.2639073 0.3388974 0.8955784
1305031459.691604 -1.6235801 0.2577926 0.0536905 0.1096759 0.2986656 0.3698500 0.8729153
1305031459.791650 -1.6658812 0.2162423 0.0658923 0.0989978 0.3215105 0.3681890 0.8667568
1305031459.891596 -1.7003381 0.1845534 0.0879352 0.0879778 0.3194132 0.3674996 0.8690105
1305031460.027565 -1.7265226 0.1375744 0.1125939 0.0800349 0.3148310 0.3826804 0.8648882
1305031460.127690 -1.7488288 0.0939057 0.1312105 0.0860411 0.3056799 0.4005786 0.8594728
1305031460.227761 -1.7449021 0.0726194 0.1477432 0.0937734 0.2873117 0.4195582 0.8559378
1305031460.359630 -1.7457198 0.0357600 0.1642872 0.0937625 0.3196727 0.4245562 0.8418848
1305031460.491504 -1.7469237 0.0067164 0.1862704 0.0823276 0.3671731 0.4427179 0.8138838
1305031460.727675 -1.7488592 -0.0658212 0.2364557 0.0472863 0.4260715 0.4594863 0.7778813
1305031460.859714 -1.7453300 -0.0982348 0.2669742 0.0285007 0.4416816 0.4533845 0.7736586
1305031460.991668 -1.7271733 -0.1401739 0.2965363 0.0083199 0.4538888 0.4541432 0.7665963
1305031461.091728 -1.7169120 -0.1639773 0.3200898 0.0102810 0.4570477 0.4543284 0.7645832
1305031461.192013 -1.6974995 -0.1860628 0.3349627 0.0091085 0.4589602 0.4467014 0.7679390
1305031461.291656 -1.6838603 -0.1995013 0.3496021 0.0104238 0.4618849 0.4350099 0.7728648
1305031461.491677 -1.6465425 -0.2122687 0.3699644 -0.0116617 0.4666039 0.4304968 0.7725396
1305031461.627541 -1.6360354 -0.2005070 0.3562198 -0.0099597 0.4791259 0.4201999 0.7705655
1305031461.759684 -1.6300349 -0.1769485 0.3425868 -0.0121290 0.4854942 0.4325153 0.7596571
1305031461.891723 -1.6394506 -0.1273297 0.3260066 -0.0093164 0.4940538 0.4562919 0.7400147
1305031462.027675 -1.6532598 -0.0816932 0.3149493 -0.0243984 0.4981904 0.4867953 0.7171062
1305031462.159646 -1.6644948 -0.0506018 0.3076358 -0.0267866 0.4788259 0.5256011 0.7026748
1305031462.291629 -1.6871728 -0.0251479 0.3134270 -0.0476872 0.4760504 0.5215341 0.7064729
1305031462.427635 -1.7144668 -0.0010179 0.3249124 -0.0804024 0.4636977 0.5063757 0.7225674
1305031462.559862 -1.7419193 0.0227973 0.3210386 -0.1075386 0.4280890 0.4918087 0.7505328
1305031462.692548 -1.7667484 0.0396333 0.3004786 -0.1161252 0.4139424 0.4569248 0.7787081
1305031462.827816 -1.7961521 0.0748016 0.2683460 -0.1156026 0.3872032 0.4220587 0.8115271
1305031462.959676 -1.8067687 0.1106035 0.2183977 -0.1156344 0.3720155 0.4099504 0.8247265
1305031463.095809 -1.8095651 0.1398460 0.1649541 -0.1004557 0.3510382 0.3823467 0.8488179
1305031463.260034 -1.8018703 0.1722704 0.1000832 -0.0892934 0.3387587 0.3473769 0.8698268
1305031463.395630 -1.7859570 0.2032660 0.0558294 -0.0749511 0.3225108 0.3316491 0.8833901
1305031463.559751 -1.7439746 0.2414531 -0.0024728 -0.0704442 0.3192090 0.3224621 0.8883476
1305031463.759674 -1.6767234 0.2517727 -0.0949373 -0.0609396 0.3079015 0.3069160 0.8984907
1305031463.959680 -1.6182870 0.2300920 -0.1924248 -0.0572540 0.3050303 0.2576795 0.9150299
1305031464.195585 -1.5759724 0.1795591 -0.2976816 -0.0380259 0.2849124 0.2139149 0.9336056
1305031464.595698 -1.4665030 0.1582073 -0.4619515 -0.0016619 0.1990960 0.1290904 0.9714390
1305031464.895817 -1.4151946 0.1227427 -0.5332739 0.0661752 0.1851876 -0.0233713 0.9801940
1305031465.195564 -1.2678207 0.1612990 -0.4608397 0.0279596 0.0959290 -0.1621647 0.9816917
1305031465.495703 -1.0984098 0.2373828 -0.4134932 0.0008979 -0.0246568 -0.0845960 0.9961098
1305031465.827996 -0.8760293 0.3449888 -0.4393679 0.0554053 -0.1045407 -0.0049457 0.9929638
1305031466.127640 -0.7174438 0.5053835 -0.4577519 0.0966983 -0.0935223 0.0032535 0.9909049
1305031466.359829 -0.6069493 0.5626322 -0.5222791 0.0670997 -0.1025874 -0.0318754 0.9919463
1305031466.627549 -0.4750436 0.5955961 -0.5617384 0.0498281 -0.1089577 -0.0548196 0.9912821
1305031466.859665 -0.3663464 0.6150765 -0.5771843 0.0558910 -0.1219528 -0.0931615 0.9865722
1305031467.128974 -0.2447199 0.6185071 -0.5879859 0.0608531 -0.1797078 -0.1243617 0.9739282
1305031467.359654 -0.1589550 0.6308091 -0.5963027 0.0725805 -0.2174316 -0.1608542 0.9599904
1305031467.595989 -0.0647600 0.6229315 -0.6032026 0.0557783 -0.2529259 -0.1871430 0.9475732
1305031467.827800 -0.0024769 0.5679099 -0.5628364 0.0786917 -0.2834529 -0.1920431 0.9362593
1305031468.127816 0.0242719 0.4844690 -0.4432893 0.1049934 -0.3257401 -0.2012616 0.9178036
1305031468.428025 0.0481188 0.3372661 -0.3465427 0.0900472 -0.3261997 -0.2033494 0.9187679
1305031468.695835 0.0149201 0.2032712 -0.3371473 0.0831435 -0.3298637 -0.2308013 0.9115963
1305031468.928141 -0.0141161 0.1279591 -0.3202084 0.0948150 -0.3349157 -0.2434657 0.9052989
1305031469.227754 -0.0640037 0.0881405 -0.2672149 0.0031617 -0.2837952 -0.3070633 0.9083845
1305031469.559645 -0.1018942 0.1158525 -0.1693178 -0.0227493 -0.2308723 -0.3448373 0.9095426
1305031469.827526 -0.1317149 0.1941337 -0.0932221 -0.0710749 -0.2095600 -0.3357030 0.9156072
1305031470.095944 -0.1932519 0.3083414 -0.0732347 -0.0927874 -0.2121095 -0.3200933 0.9186623
1305031470.327644 -0.2581446 0.3961099 -0.0950463 -0.1218340 -0.2030264 -0.3030125 0.9231036
1305031470.559677 -0.3245251 0.4555081 -0.1228234 -0.1358665 -0.2059288 -0.2945753 0.9232330
1305031470.759682 -0.3710392 0.4829172 -0.1387879 -0.1501710 -0.2017482 -0.2752891 0.9278805
1305031470.959647 -0.4286985 0.4848474 -0.1572351 -0.1454266 -0.1939105 -0.2518640 0.9369175
1305031471.727501 -0.5237513 0.4865226 -0.2214050 -0.0900949 -0.1313557 -0.1530689 0.9752941
1305031471.959643 -0.5329145 0.4954531 -0.2279775 -0.1096009 -0.0930460 -0.1156416 0.9828312
1305031472.195682 -0.5599456 0.5127385 -0.2295559 -0.1213501 -0.0569748 -0.0926156 0.9866359
1305031472.427686 -0.5717298 0.5089090 -0.2341369 -0.1047831 -0.0551075 -0.0811871 0.9896425
1305031473.167060 -0.5628185 0.4695692 -0.2206553 -0.0879389 -0.0640788 -0.0727680 0.9913957
